1679115900000,37.4,37.4,37.38,37.38,5.986593
1679115600000,37.4,37.4,37.4,37.4,0
1679115300000,37.5,37.5,37.4,37.4,0.013407
1679115000000,37.69,37.69,37.5,37.5,12
1679114700000,37.69,37.69,37.69,37.69,0
1679114400000,37.77,37.88,37.69,37.69,5.86157
1679114100000,37.82,37.82,37.77,37.77,0.0465
1679113800000,37.7,37.82,37.7,37.82,0.041974
1679113500000,37.7,37.7,37.7,37.7,0
1679113200000,37.7,37.7,37.7,37.7,0
1679112900000,37.7,37.7,37.7,37.7,0
1679112600000,37.82,37.82,37.7,37.7,4
1679112300000,37.82,37.82,37.82,37.82,0
1679112000000,37.82,37.82,37.82,37.82,0
1679111700000,37.66,37.82,37.66,37.82,18.137033
1679111400000,37.66,37.66,37.66,37.66,0
1679111100000,37.66,37.66,37.66,37.66,0
1679110800000,37.66,37.66,37.66,37.66,0
1679110500000,37.66,37.66,37.66,37.66,0
1679110200000,37.66,37.66,37.66,37.66,0
1679109900000,37.25,37.66,37.25,37.66,0.283272
1679109600000,37.25,37.25,37.25,37.25,0
1679109300000,37.25,37.25,37.25,37.25,0
1679109000000,37.25,37.25,37.25,37.25,0
1679108700000,37.25,37.25,37.25,37.25,0
1679108400000,37.25,37.25,37.25,37.25,0
1679108100000,37.66,37.66,37.25,37.25,0.918792
1679107800000,37.66,37.66,37.66,37.66,0
1679107500000,37.66,37.66,37.66,37.66,0
1679107200000,37.66,37.66,37.66,37.66,0
1679106900000,37.89,37.89,37.66,37.66,1.512696
1679106600000,37.89,37.89,37.89,37.89,0
1679106300000,37.59,37.89,37.59,37.89,0.048541
1679106000000,37.39,37.59,37.39,37.59,20.049685
1679105700000,37.39,37.39,37.39,37.39,0
1679105400000,37.39,37.39,37.39,37.39,0
1679105100000,37.39,37.39,37.39,37.39,0
1679104800000,37.39,37.39,37.39,37.39,0
1679104500000,37.39,37.39,37.39,37.39,0
1679104200000,37.39,37.39,37.39,37.39,0
1679103900000,37.39,37.39,37.39,37.39,0
1679103600000,37.39,37.39,37.39,37.39,0
1679103300000,37.39,37.39,37.39,37.39,0
1679103000000,37.58,37.58,37.26,37.39,61.801223
1679102700000,37.5,37.58,37.5,37.58,0.149928
1679102400000,37.5,37.5,37.5,37.5,0
1679102100000,37.5,37.5,37.5,37.5,0
1679101800000,37.5,37.5,37.5,37.5,0
1679101500000,37.35,37.5,37.35,37.5,330
1679101200000,37.24,37.35,37.24,37.35,4.12567
1679100900000,37.01,37.24,37.01,37.24,6
1679100600000,37.01,37.01,37.01,37.01,0
1679100300000,37.01,37.01,37.01,37.01,0
1679100000000,37.01,37.01,37.01,37.01,0
1679099700000,36.97,37.04,36.97,37.01,24.9
1679099400000,36.72,36.97,36.72,36.97,6
1679099100000,36.72,36.72,36.72,36.72,0
1679098800000,36.72,36.72,36.72,36.72,0
1679098500000,37.32,37.32,36.72,36.72,20.600804
1679098200000,37.24,37.36,37.2,37.32,139.004195
1679097900000,37.24,37.24,37.24,37.24,0
1679097600000,37.03,37.24,37.03,37.24,0.903111
1679097300000,36.98,37.06,36.98,37.03,6.834361
1679097000000,36.98,36.98,36.98,36.98,0
1679096700000,36.98,36.98,36.98,36.98,0
1679096400000,36.98,36.98,36.98,36.98,0
1679096100000,36.98,36.98,36.98,36.98,0
1679095800000,36.98,36.98,36.98,36.98,0
1679095500000,36.98,36.98,36.98,36.98,0
1679095200000,37,37,36.98,36.98,0.246
1679094900000,37,37,37,37,0
1679094600000,37,37,37,37,0
1679094300000,36.83,37,36.83,37,366
1679094000000,36.67,36.92,36.67,36.83,9.287199
1679093700000,36.49,36.67,36.49,36.67,329.629221
1679093400000,36.36,36.49,36.34,36.49,20.978426
1679093100000,36.32,36.36,36.32,36.36,5
1679092800000,36.24,36.32,36.24,36.32,2.094115
1679092500000,36.16,36.24,36.16,36.24,0.715259
1679092200000,36.16,36.16,36.16,36.16,0
1679091900000,36.16,36.16,36.16,36.16,0
1679091600000,36.16,36.16,36.16,36.16,0
1679091300000,35.95,36.16,35.95,36.16,5
1679091000000,35.95,35.95,35.95,35.95,0
1679090700000,35.95,35.95,35.95,35.95,0
1679090400000,35.95,35.95,35.95,35.95,0
1679090100000,35.95,35.96,35.95,35.95,0.417132
1679089800000,35.95,35.95,35.95,35.95,0
1679089500000,35.95,35.95,35.95,35.95,0
1679089200000,35.87,35.96,35.87,35.95,5.139644
1679088900000,35.87,35.87,35.87,35.87,0
1679088600000,35.87,35.87,35.87,35.87,0
1679088300000,35.87,35.87,35.87,35.87,0
1679088000000,35.87,35.87,35.87,35.87,0
1679087700000,35.63,35.87,35.63,35.87,0.048587
1679087400000,35.63,35.63,35.63,35.63,0
1679087100000,35.63,35.63,35.63,35.63,0
1679086800000,35.53,35.66,35.53,35.63,1.878378
1679086500000,35.53,35.53,35.53,35.53,0
1679086200000,35.53,35.53,35.53,35.53,0
1679085900000,35.53,35.53,35.53,35.53,0
1679085600000,35.65,35.65,35.49,35.53,32.2
1679085300000,35.65,35.65,35.65,35.65,0
1679085000000,35.71,35.71,35.65,35.65,0.027265
1679084700000,35.72,35.72,35.71,35.71,12.2
1679084400000,35.84,35.84,35.72,35.72,29.521059
1679084100000,35.64,35.84,35.64,35.84,0.52096
1679083800000,35.64,35.64,35.64,35.64,0
1679083500000,35.64,35.64,35.64,35.64,0
1679083200000,35.64,35.64,35.64,35.64,0
1679082900000,35.7,35.71,35.64,35.64,26.4
1679082600000,35.7,35.7,35.7,35.7,0
1679082300000,36.03,36.03,35.7,35.7,12.429848
1679082000000,36.04,36.04,35.83,36.03,54.401424
1679081700000,36.04,36.04,36.04,36.04,0
1679081400000,36.04,36.04,36.04,36.04,0
1679081100000,35.93,36.04,35.93,36.04,0.09024
1679080800000,35.93,35.93,35.93,35.93,0
1679080500000,35.93,35.93,35.93,35.93,0
1679080200000,35.93,35.93,35.93,35.93,0
1679079900000,35.78,35.93,35.78,35.93,1.685174
1679079600000,35.64,35.78,35.64,35.78,5.2576
1679079300000,35.64,35.64,35.64,35.64,0
1679079000000,35.64,35.64,35.64,35.64,0
1679078700000,35.64,35.64,35.64,35.64,0
1679078400000,35.64,35.64,35.64,35.64,0
1679078100000,35.64,35.64,35.64,35.64,0
1679077800000,35.64,35.64,35.64,35.64,0
1679077500000,35.77,35.77,35.49,35.64,0.035191
1679077200000,35.6,35.77,35.6,35.77,0.375799
1679076900000,35.66,35.66,35.6,35.6,0.086613
1679076600000,35.82,35.82,35.66,35.66,11.101023
1679076300000,36.12,36.12,35.82,35.82,10
1679076000000,36.12,36.12,36.12,36.12,0
1679075700000,36.12,36.12,36.12,36.12,0
1679075400000,36.12,36.12,36.12,36.12,0.825801
1679075100000,36.11,36.14,36.11,36.12,2.833669
1679074800000,35.86,36.11,35.86,36.11,32.296694
1679074500000,35.86,35.86,35.86,35.86,0
1679074200000,36.09,36.09,35.86,35.86,4.964276
1679073900000,36.09,36.09,36.09,36.09,0
1679073600000,36.09,36.09,36.09,36.09,0
1679073300000,35.86,36.09,35.86,36.09,5.135648
1679073000000,35.77,35.86,35.77,35.86,5.469105
1679072700000,35.76,35.77,35.76,35.77,0.177092
1679072400000,35.76,35.76,35.76,35.76,0
1679072100000,35.54,35.76,35.54,35.76,0.001183
1679071800000,35.54,35.54,35.54,35.54,0
1679071500000,35.54,35.54,35.54,35.54,0
1679071200000,35.54,35.54,35.54,35.54,2.284155
1679070900000,35.54,35.54,35.54,35.54,0
1679070600000,35.46,35.54,35.46,35.54,2.715845
1679070300000,35.46,35.46,35.46,35.46,0
1679070000000,35.61,35.64,35.46,35.46,3.562286
1679069700000,35.52,35.62,35.52,35.61,82.361186
1679069400000,35.52,35.52,35.52,35.52,0
1679069100000,35.52,35.52,35.52,35.52,0
1679068800000,35.73,35.84,35.52,35.52,89.475687
1679068500000,35.6,35.73,35.6,35.73,0.453693
1679068200000,35.25,35.6,35.25,35.6,0.003677
1679067900000,35.25,35.25,35.25,35.25,0
1679067600000,35.25,35.25,35.25,35.25,0
1679067300000,35.32,35.32,35.25,35.25,0.01043
1679067000000,35.32,35.32,35.32,35.32,0
1679066700000,35.27,35.32,35.15,35.32,91.117242
1679066400000,35.45,35.47,35.27,35.27,88.434583
1679066100000,35.23,35.56,35.23,35.45,21.696506
1679065800000,35.12,35.23,35.12,35.23,1.016944
1679065500000,35.03,35.12,35.03,35.12,5
1679065200000,34.85,35.03,34.85,35.03,2.457282
1679064900000,34.85,34.85,34.85,34.85,0
1679064600000,34.76,34.96,34.74,34.85,2.931494
1679064300000,34.85,34.85,34.76,34.76,92.829749
1679064000000,35.06,35.06,34.85,34.85,92.354132
1679063700000,35.27,35.27,35.06,35.06,279.233043
1679063400000,35.36,35.36,35.27,35.27,35
1679063100000,35.67,35.67,35.35,35.36,328.944157
1679062800000,35.67,35.67,35.67,35.67,0
1679062500000,35.76,35.76,35.67,35.67,91.350505
1679062200000,35.76,35.76,35.76,35.76,0
1679061900000,35.96,35.96,35.76,35.76,97.42565
1679061600000,35.75,35.96,35.75,35.96,0.009804
1679061300000,35.75,35.75,35.75,35.75,0
1679061000000,35.75,35.75,35.75,35.75,67.264223
1679060700000,35.71,35.75,35.71,35.75,36.366
1679060400000,35.71,35.71,35.71,35.71,0
1679060100000,35.7,35.71,35.7,35.71,2.800336
1679059800000,35.7,35.7,35.7,35.7,0
1679059500000,35.7,35.7,35.7,35.7,0
1679059200000,35.7,35.7,35.7,35.7,0
1679058900000,35.8,35.8,35.7,35.7,90
1679058600000,35.8,35.8,35.8,35.8,0
1679058300000,35.66,35.8,35.66,35.8,0.004208
1679058000000,35.66,35.66,35.66,35.66,0
1679057700000,35.66,35.66,35.66,35.66,0
1679057400000,35.69,35.69,35.66,35.66,0.162557
1679057100000,35.62,35.69,35.62,35.69,5
1679056800000,35.62,35.62,35.62,35.62,0
1679056500000,35.88,35.88,35.62,35.62,290.803903
1679056200000,35.88,35.88,35.88,35.88,0
1679055900000,35.88,35.88,35.88,35.88,0
1679055600000,35.89,35.89,35.88,35.88,101.87012
1679055300000,36,36,35.89,35.89,0.020409
1679055000000,36,36,36,36,0
1679054700000,36.02,36.03,36,36,429.159458
1679054400000,36.02,36.02,36.02,36.02,0
1679054100000,36.12,36.12,36.02,36.02,0.932611
1679053800000,36.12,36.12,36.12,36.12,0
1679053500000,36.02,36.12,36.02,36.12,5.016612
1679053200000,36.02,36.02,36.02,36.02,0
1679052900000,36.02,36.02,36.02,36.02,20
1679052600000,36.02,36.02,36.02,36.02,0
1679052300000,36.19,36.19,36.02,36.02,0.314271
1679052000000,36.19,36.19,36.19,36.19,0
1679051700000,36.19,36.19,36.19,36.19,0
1679051400000,36.18,36.19,36.18,36.19,1
1679051100000,36.01,36.18,36.01,36.18,5
1679050800000,36.01,36.01,36.01,36.01,0
1679050500000,36.01,36.01,36.01,36.01,0
1679050200000,36.01,36.01,36.01,36.01,0
1679049900000,36.01,36.01,36.01,36.01,0
1679049600000,35.94,36.02,35.94,36.01,100
1679049300000,36.04,36.04,35.94,35.94,0.023109
1679049000000,35.87,36.04,35.87,36.04,0.135171
1679048700000,36,36.03,35.87,35.87,1.221531
1679048400000,35.61,36,35.61,36,320
1679048100000,35.61,35.61,35.61,35.61,0
1679047800000,35.5,35.61,35.5,35.61,246.303412
1679047500000,35.44,35.5,35.44,35.5,82.93033
1679047200000,34.92,35.44,34.92,35.44,10.039853
1679046900000,34.92,34.92,34.92,34.92,0
1679046600000,34.92,34.92,34.92,34.92,0
1679046300000,34.92,34.92,34.92,34.92,0
1679046000000,34.92,34.92,34.92,34.92,0
1679045700000,34.92,34.92,34.92,34.92,0
1679045400000,34.92,34.92,34.92,34.92,0
1679045100000,34.92,34.92,34.92,34.92,0
1679044800000,34.92,34.92,34.92,34.92,0
1679044500000,34.92,34.92,34.92,34.92,0
1679044200000,34.92,34.92,34.92,34.92,0
1679043900000,34.92,34.92,34.92,34.92,0
1679043600000,34.92,34.92,34.92,34.92,0
1679043300000,34.73,34.92,34.73,34.92,2.664387
1679043000000,34.89,34.89,34.73,34.73,20.034373
1679042700000,34.89,34.89,34.89,34.89,0
1679042400000,34.89,34.89,34.89,34.89,0
1679042100000,34.89,34.89,34.89,34.89,0
1679041800000,34.89,34.89,34.89,34.89,0
1679041500000,34.89,34.89,34.89,34.89,0
1679041200000,34.89,34.89,34.89,34.89,0
1679040900000,34.89,34.89,34.89,34.89,0
1679040600000,34.89,34.89,34.89,34.89,0
1679040300000,34.89,34.89,34.89,34.89,0
1679040000000,34.89,34.89,34.89,34.89,0
1679039700000,34.89,34.89,34.89,34.89,0
1679039400000,34.89,34.89,34.89,34.89,0
1679039100000,34.79,34.89,34.79,34.89,0.027775
1679038800000,34.79,34.79,34.79,34.79,0
1679038500000,34.94,34.94,34.79,34.79,0.17338
1679038200000,34.94,34.94,34.94,34.94,0
1679037900000,34.94,34.94,34.94,34.94,0
1679037600000,34.94,34.94,34.94,34.94,0
1679037300000,34.93,34.94,34.93,34.94,3.48
1679037000000,35,35,34.93,34.93,0.522
1679036700000,35,35,35,35,0
1679036400000,35,35,35,35,0
1679036100000,35,35,35,35,0
1679035800000,34.62,35,34.62,35,194.291585
1679035500000,34.62,34.62,34.62,34.62,0
1679035200000,34.62,34.62,34.62,34.62,0
1679034900000,34.62,34.62,34.62,34.62,0
1679034600000,34.62,34.62,34.62,34.62,0
1679034300000,34.62,34.62,34.62,34.62,0
1679034000000,34.62,34.62,34.62,34.62,0
1679033700000,34.62,34.62,34.62,34.62,0
1679033400000,34.62,34.62,34.62,34.62,0
1679033100000,34.62,34.62,34.62,34.62,0
1679032800000,34.62,34.62,34.62,34.62,0
1679032500000,34.62,34.62,34.62,34.62,0
1679032200000,34.62,34.62,34.62,34.62,0
1679031900000,34.62,34.62,34.62,34.62,0
1679031600000,34.62,34.62,34.62,34.62,0
1679031300000,34.54,34.62,34.54,34.62,0.249137
1679031000000,34.54,34.54,34.54,34.54,0
1679030700000,34.54,34.54,34.54,34.54,0
1679030400000,34.54,34.54,34.54,34.54,0
1679030100000,34.8,34.8,34.54,34.54,5.374663
1679029800000,34.8,34.8,34.8,34.8,0
1679029500000,34.8,34.8,34.8,34.8,0
1679029200000,34.8,34.8,34.8,34.8,0
1679028900000,34.8,34.8,34.8,34.8,0
1679028600000,34.9,34.9,34.8,34.8,1.512055
1679028300000,34.9,34.9,34.9,34.9,0
1679028000000,34.64,34.9,34.64,34.9,0.006648
1679027700000,34.85,34.85,34.64,34.64,0.062484
1679027400000,34.85,34.85,34.85,34.85,0
1679027100000,34.85,34.85,34.85,34.85,0
1679026800000,34.85,34.85,34.85,34.85,0
1679026500000,34.85,34.85,34.85,34.85,0
1679026200000,34.85,34.85,34.85,34.85,0
1679025900000,34.85,34.85,34.85,34.85,0
1679025600000,34.85,34.85,34.85,34.85,0
1679025300000,34.85,34.85,34.85,34.85,0
1679025000000,34.85,34.85,34.85,34.85,0
1679024700000,34.85,34.85,34.85,34.85,0
1679024400000,35,35,34.85,34.85,0.018891
1679024100000,35,35,35,35,0
1679023800000,35,35,35,35,0
1679023500000,34.84,35,34.84,35,125
1679023200000,34.84,34.84,34.84,34.84,0
1679022900000,34.84,34.84,34.84,34.84,0
1679022600000,34.84,34.84,34.84,34.84,0
1679022300000,34.84,34.84,34.84,34.84,0
1679022000000,34.84,34.84,34.84,34.84,0
1679021700000,35,35,34.84,34.84,1.197714
1679021400000,35,35,35,35,0
1679021100000,35,35,35,35,0
1679020800000,35,35,35,35,0
1679020500000,35,35,35,35,0
1679020200000,35,35,35,35,0
1679019900000,35,35,35,35,0
1679019600000,34.6,35,34.6,35,0.708415
1679019300000,34.6,34.6,34.6,34.6,0
1679019000000,34.6,34.6,34.6,34.6,0
1679018700000,34.6,34.6,34.6,34.6,0
1679018400000,34.5,34.6,34.5,34.6,0.856221
1679018100000,34.5,34.5,34.5,34.5,0
1679017800000,34.29,34.5,34.29,34.5,320
1679017500000,34.29,34.29,34.29,34.29,0
1679017200000,34.29,34.29,34.29,34.29,0
1679016900000,34.11,34.29,34.11,34.29,10.715404
1679016600000,34,34.11,34,34.11,5
1679016300000,33.78,34,33.78,34,10
1679016000000,33.68,33.78,33.68,33.78,5
1679015700000,33.62,33.68,33.62,33.68,5
1679015400000,33.45,33.62,33.45,33.62,5
1679015100000,33.55,33.55,33.45,33.45,4.745945
1679014800000,33.55,33.55,33.55,33.55,0
1679014500000,33.55,33.55,33.55,33.55,0
1679014200000,33.55,33.55,33.55,33.55,0
1679013900000,33.72,33.72,33.4,33.55,28
1679013600000,33.72,33.72,33.72,33.72,0
1679013300000,33.63,33.72,33.63,33.72,1.800236
1679013000000,34.01,34.01,33.63,33.63,1.395437
1679012700000,34.01,34.01,34.01,34.01,0
1679012400000,34.01,34.01,34.01,34.01,0
1679012100000,34.01,34.01,34.01,34.01,0
1679011800000,34.01,34.01,34.01,34.01,0
1679011500000,34.01,34.01,34.01,34.01,0
1679011200000,34.01,34.01,34.01,34.01,0
1679010900000,34.01,34.01,34.01,34.01,0
1679010600000,34.01,34.01,34.01,34.01,0
1679010300000,34.01,34.01,34.01,34.01,4.993641
1679010000000,34.01,34.01,34.01,34.01,0
1679009700000,33.66,34.01,33.66,34.01,0.006359
1679009400000,33.66,33.66,33.66,33.66,0
1679009100000,33.66,33.66,33.66,33.66,0
1679008800000,33.66,33.66,33.66,33.66,0
1679008500000,33.83,33.83,33.66,33.66,23.113561
1679008200000,33.83,33.83,33.83,33.83,0
1679007900000,33.83,33.83,33.83,33.83,0
1679007600000,33.83,33.83,33.83,33.83,0
1679007300000,33.75,33.83,33.75,33.83,6.726626
1679007000000,33.75,33.75,33.75,33.75,0
1679006700000,33.74,33.75,33.74,33.75,1.741256
1679006400000,33.74,33.74,33.74,33.74,0
1679006100000,33.74,33.74,33.74,33.74,0
1679005800000,33.74,33.74,33.74,33.74,0
1679005500000,33.74,33.74,33.74,33.74,0
1679005200000,33.77,33.87,33.74,33.74,10.382946
1679004900000,33.57,33.77,33.57,33.77,5
1679004600000,33.57,33.57,33.57,33.57,0
1679004300000,33.57,33.57,33.57,33.57,0
1679004000000,33.57,33.57,33.57,33.57,0
1679003700000,33.57,33.57,33.57,33.57,0
1679003400000,33.71,33.71,33.57,33.57,1.642858
1679003100000,33.68,33.71,33.68,33.71,0.001407
1679002800000,33.61,33.68,33.61,33.68,0.309064
1679002500000,33.74,33.74,33.61,33.61,0.097403
1679002200000,33.74,33.74,33.74,33.74,0
1679001900000,33.63,33.74,33.63,33.74,2.860808
1679001600000,33.52,33.63,33.52,33.63,0.188639
1679001300000,33.51,33.53,33.51,33.52,0.727659
1679001000000,33.51,33.57,33.51,33.51,0.010522
1679000700000,33.51,33.51,33.51,33.51,0.001173
1679000400000,33.56,33.56,33.51,33.51,0.975067
1679000100000,33.72,33.72,33.51,33.56,3.124857
1678999800000,33.9,33.9,33.72,33.72,3.00575
1678999500000,33.95,33.95,33.9,33.9,0.737463
1678999200000,33.95,33.95,33.95,33.95,0
1678998900000,33.95,33.95,33.95,33.95,0
1678998600000,34.1,34.1,33.95,33.95,21.544222
1678998300000,34.1,34.1,34.1,34.1,2.995086
1678998000000,34.15,34.15,34.1,34.1,0.004914
1678997700000,34.26,34.26,34.15,34.15,0.53639
1678997400000,34.27,34.27,34.26,34.26,0.130615
1678997100000,34.27,34.27,34.27,34.27,0
1678996800000,34.27,34.27,34.27,34.27,0
1678996500000,34.27,34.27,34.27,34.27,0
1678996200000,34.27,34.27,34.27,34.27,0
1678995900000,34.33,34.33,34.27,34.27,0.144834
1678995600000,34.33,34.33,34.33,34.33,0
1678995300000,34.33,34.33,34.33,34.33,0
1678995000000,34.33,34.33,34.33,34.33,0.023125
1678994700000,34.41,34.41,34.33,34.33,4.643603
1678994400000,34.02,34.41,34.02,34.41,7.108123
1678994100000,34.02,34.02,34.02,34.02,0
1678993800000,34.02,34.02,34.02,34.02,0
1678993500000,34.02,34.02,34.02,34.02,0
1678993200000,33.8,34.02,33.8,34.02,0.315696
1678992900000,33.94,33.94,33.8,33.8,1.5
1678992600000,33.94,33.94,33.94,33.94,0
1678992300000,33.92,33.94,33.92,33.94,2.687739
1678992000000,33.92,33.92,33.92,33.92,0.003152
1678991700000,33.92,33.92,33.92,33.92,0
1678991400000,33.92,33.92,33.92,33.92,0
1678991100000,33.92,33.92,33.92,33.92,0
1678990800000,33.92,33.92,33.92,33.92,0
1678990500000,33.96,33.96,33.92,33.92,0.0143
1678990200000,33.96,33.96,33.96,33.96,0
1678989900000,33.96,33.96,33.96,33.96,0
1678989600000,33.96,33.96,33.96,33.96,0
1678989300000,33.96,33.96,33.96,33.96,0
1678989000000,33.96,33.96,33.96,33.96,0
1678988700000,33.96,33.96,33.96,33.96,0
1678988400000,33.96,33.96,33.96,33.96,0
1678988100000,33.96,33.96,33.96,33.96,0
1678987800000,33.96,33.96,33.96,33.96,0
1678987500000,33.96,33.96,33.96,33.96,0
1678987200000,33.96,33.96,33.96,33.96,0
1678986900000,33.96,33.96,33.96,33.96,0
1678986600000,34.04,34.04,33.96,33.96,3
1678986300000,34.04,34.04,34.04,34.04,0
1678986000000,34.05,34.05,34.04,34.04,3
1678985700000,34.06,34.14,34.05,34.05,1.018891
1678985400000,34.02,34.06,34.02,34.06,0.001183
1678985100000,34.02,34.02,34.02,34.02,0
1678984800000,34,34.02,33.96,34.02,3.370497
1678984500000,33.95,34,33.85,34,0.072331
1678984200000,34.28,34.28,33.95,33.95,19.102074
1678983900000,33.99,34.28,33.99,34.28,328.93741
1678983600000,33.99,33.99,33.99,33.99,0
1678983300000,33.99,33.99,33.99,33.99,0.303087
1678983000000,33.9,33.99,33.71,33.99,8.153532
1678982700000,33.83,33.97,33.83,33.9,7.798642
1678982400000,33.93,33.97,33.83,33.83,3.896697
1678982100000,33.89,33.93,33.89,33.93,2.074589
1678981800000,33.86,34,33.79,33.89,16.308055
1678981500000,33.77,33.86,33.7,33.86,10.523747
1678981200000,33.69,33.77,33.69,33.77,3.78137
1678980900000,33.67,33.69,33.67,33.69,4.571951
1678980600000,33.75,33.75,33.59,33.67,18.644819
1678980300000,33.68,33.8,33.6,33.75,18.89784
1678980000000,33.66,33.71,33.58,33.68,8.535291
1678979700000,33.62,33.79,33.62,33.66,41.501393
1678979400000,33.6,33.62,33.51,33.62,29.466731
1678979100000,33.56,33.6,33.54,33.6,0.044679
1678978800000,33.72,33.72,33.56,33.56,5.036951
1678978500000,33.72,33.72,33.72,33.72,0
1678978200000,33.72,33.72,33.72,33.72,0
1678977900000,33.6,33.72,33.6,33.72,6
1678977600000,33.6,33.6,33.6,33.6,0
1678977300000,33.6,33.6,33.6,33.6,0
1678977000000,33.44,33.6,33.44,33.6,3
1678976700000,33.44,33.44,33.44,33.44,0
1678976400000,33.37,33.44,33.37,33.44,7
1678976100000,33.51,33.51,33.37,33.37,0.029967
1678975800000,33.68,33.68,33.48,33.51,26.322696
1678975500000,33.68,33.68,33.68,33.68,0
1678975200000,33.33,33.68,33.33,33.68,90.01038
1678974900000,33.33,33.33,33.33,33.33,0
1678974600000,33.33,33.33,33.33,33.33,0
1678974300000,33.33,33.33,33.33,33.33,0
1678974000000,33.33,33.33,33.33,33.33,0
1678973700000,33.11,33.33,33.11,33.33,3.609916
1678973400000,33.23,33.23,33.11,33.11,3.041671
1678973100000,33.06,33.23,33.06,33.23,3.054191
1678972800000,33.15,33.15,33.06,33.06,4
1678972500000,33.41,33.41,33.15,33.15,4.508295
1678972200000,33.44,33.44,33.41,33.41,3
1678971900000,33.44,33.44,33.44,33.44,0
1678971600000,33.44,33.44,33.44,33.44,0
1678971300000,33.35,33.44,33.35,33.44,0.008035
1678971000000,33.35,33.35,33.35,33.35,0
1678970700000,33.44,33.44,33.35,33.35,33.480047
1678970400000,33.54,33.54,33.44,33.44,0.00365
1678970100000,33.67,33.67,33.54,33.54,3
1678969800000,33.67,33.67,33.67,33.67,0
1678969500000,33.67,33.67,33.67,33.67,0
1678969200000,33.67,33.67,33.67,33.67,0
1678968900000,33.82,33.82,33.67,33.67,0.001541
1678968600000,33.82,33.82,33.82,33.82,0
1678968300000,33.82,33.82,33.82,33.82,0
1678968000000,33.86,33.86,33.82,33.82,3
1678967700000,33.86,33.86,33.86,33.86,0
1678967400000,33.86,33.86,33.86,33.86,0
1678967100000,33.86,33.86,33.86,33.86,0
1678966800000,33.86,33.86,33.86,33.86,0
1678966500000,33.85,33.86,33.85,33.86,2.969105
1678966200000,33.93,33.93,33.85,33.85,2.979506
1678965900000,33.93,33.93,33.93,33.93,0
1678965600000,33.93,33.93,33.93,33.93,0
1678965300000,33.93,33.93,33.93,33.93,0
1678965000000,33.93,33.93,33.93,33.93,0
1678964700000,33.93,33.93,33.93,33.93,0
1678964400000,33.93,33.93,33.93,33.93,0
1678964100000,33.93,33.93,33.93,33.93,0
1678963800000,33.93,33.93,33.93,33.93,0
1678963500000,33.72,33.93,33.72,33.93,5.777419
1678963200000,33.72,33.72,33.72,33.72,0
1678962900000,33.62,33.72,33.62,33.72,0.020723
1678962600000,33.62,33.62,33.62,33.62,1.19035
1678962300000,33.62,33.62,33.62,33.62,0
1678962000000,33.65,33.65,33.62,33.62,1.243267
1678961700000,33.65,33.65,33.65,33.65,0
1678961400000,33.65,33.65,33.65,33.65,0
1678961100000,33.65,33.65,33.65,33.65,0
1678960800000,33.65,33.65,33.65,33.65,0
1678960500000,33.65,33.65,33.65,33.65,0
1678960200000,33.65,33.65,33.65,33.65,0
1678959900000,33.65,33.65,33.65,33.65,0
1678959600000,33.24,33.65,33.24,33.65,9
1678959300000,33.24,33.24,33.24,33.24,0
1678959000000,33.24,33.24,33.24,33.24,0
1678958700000,33.24,33.24,33.24,33.24,0.002128
1678958400000,33.24,33.24,33.24,33.24,0
1678958100000,33.34,33.34,33.24,33.24,3
1678957800000,33.34,33.34,33.34,33.34,0
1678957500000,33.6,33.6,33.34,33.34,6
1678957200000,33.6,33.6,33.6,33.6,0
1678956900000,33.6,33.6,33.6,33.6,0
1678956600000,33.6,33.6,33.6,33.6,0
1678956300000,33.63,33.63,33.6,33.6,0.012384
1678956000000,33.63,33.63,33.63,33.63,0
1678955700000,33.63,33.63,33.63,33.63,0
1678955400000,33.63,33.63,33.63,33.63,0
1678955100000,33.63,33.63,33.63,33.63,0
1678954800000,33.63,33.63,33.63,33.63,0
1678954500000,33.63,33.63,33.63,33.63,0
1678954200000,33.63,33.63,33.63,33.63,0
1678953900000,33.63,33.63,33.63,33.63,0
1678953600000,33.4,33.63,33.4,33.63,3
1678953300000,33.4,33.4,33.4,33.4,0
1678953000000,33.4,33.4,33.4,33.4,0
1678952700000,33.4,33.4,33.4,33.4,0
1678952400000,33.4,33.4,33.4,33.4,0
1678952100000,33.4,33.4,33.4,33.4,0
1678951800000,33.4,33.4,33.4,33.4,0
1678951500000,33.4,33.4,33.4,33.4,0
1678951200000,33.4,33.4,33.4,33.4,0
1678950900000,33.4,33.4,33.4,33.4,0
1678950600000,33.4,33.4,33.4,33.4,0
1678950300000,33.4,33.4,33.4,33.4,0
1678950000000,33.4,33.4,33.4,33.4,0
1678949700000,33.4,33.4,33.4,33.4,0
1678949400000,33.4,33.4,33.4,33.4,0
1678949100000,33.4,33.4,33.4,33.4,0
1678948800000,33.58,33.58,33.4,33.4,0.001151
1678948500000,33.58,33.58,33.58,33.58,0
1678948200000,33.58,33.58,33.58,33.58,0
1678947900000,33.58,33.58,33.58,33.58,0
1678947600000,33.58,33.58,33.58,33.58,0
1678947300000,33.54,33.58,33.54,33.58,1
1678947000000,33.54,33.54,33.54,33.54,0
1678946700000,33.54,33.54,33.54,33.54,0
1678946400000,33.54,33.54,33.54,33.54,0
1678946100000,33.54,33.54,33.54,33.54,0
1678945800000,33.54,33.54,33.54,33.54,0
1678945500000,33.54,33.54,33.54,33.54,0.027446
1678945200000,33.15,33.54,33.15,33.54,0.378113
1678944900000,33.15,33.15,33.15,33.15,0
1678944600000,33.15,33.15,33.15,33.15,0
1678944300000,33.15,33.15,33.15,33.15,0
1678944000000,33.15,33.15,33.15,33.15,0
1678943700000,33.15,33.15,33.15,33.15,0
1678943400000,33.15,33.15,33.15,33.15,0
1678943100000,33.1,33.15,33.1,33.15,22.208955
1678942800000,33.1,33.1,33.1,33.1,0
1678942500000,33.13,33.13,33.1,33.1,0.113292
1678942200000,33.11,33.13,33.11,33.13,0.864888
1678941900000,33.07,33.11,33.07,33.11,3
1678941600000,33.23,33.23,33.07,33.07,0.019372
1678941300000,33.23,33.23,33.23,33.23,0
1678941000000,33.37,33.37,33.23,33.23,3
1678940700000,33.37,33.37,33.37,33.37,0
1678940400000,33.37,33.37,33.37,33.37,0
1678940100000,33.37,33.37,33.37,33.37,0
1678939800000,33.37,33.37,33.37,33.37,0
1678939500000,33.37,33.37,33.37,33.37,0
1678939200000,33.37,33.37,33.37,33.37,0
1678938900000,33.37,33.37,33.37,33.37,0
1678938600000,33.37,33.37,33.37,33.37,0
1678938300000,33.37,33.37,33.37,33.37,0
1678938000000,33.37,33.37,33.37,33.37,0
1678937700000,33.37,33.37,33.37,33.37,0
1678937400000,33.37,33.37,33.37,33.37,0
1678937100000,33.37,33.37,33.37,33.37,0
1678936800000,33.37,33.37,33.37,33.37,0
1678936500000,33.68,33.68,33.37,33.37,17.2
1678936200000,33.68,33.68,33.68,33.68,0
1678935900000,33.68,33.68,33.68,33.68,0
1678935600000,33.68,33.68,33.68,33.68,0
1678935300000,33.61,33.68,33.61,33.68,7
1678935000000,33.52,33.61,33.52,33.61,4
1678934700000,33.48,33.52,33.48,33.52,0.002936
1678934400000,33.5,33.5,33.48,33.48,0.006405
1678934100000,33.5,33.5,33.5,33.5,0
1678933800000,33.5,33.5,33.5,33.5,0
1678933500000,33.41,33.5,33.41,33.5,5
1678933200000,33.39,33.41,33.39,33.41,4
1678932900000,33.39,33.39,33.39,33.39,0
1678932600000,33.29,33.39,33.29,33.39,3
1678932300000,33.22,33.29,33.22,33.29,4
1678932000000,33.22,33.22,33.22,33.22,0
1678931700000,33.22,33.22,33.22,33.22,0
1678931400000,33.12,33.22,33.12,33.22,7
1678931100000,33.12,33.12,33.12,33.12,0
1678930800000,33.02,33.12,33.02,33.12,4
1678930500000,33.02,33.02,33.02,33.02,0
1678930200000,33.18,33.18,33.02,33.02,4.021391
1678929900000,33.18,33.18,33.18,33.18,0
1678929600000,32.95,33.18,32.95,33.18,18
1678929300000,32.95,32.95,32.95,32.95,0
1678929000000,33.02,33.02,32.95,32.95,1.007539
1678928700000,33.08,33.08,33.02,33.02,1.683785
1678928400000,33.16,33.16,33.08,33.08,4
1678928100000,33.16,33.16,33.16,33.16,0
1678927800000,33.16,33.16,33.16,33.16,0
1678927500000,33.25,33.25,33.16,33.16,0.006992
1678927200000,33.19,33.25,33.19,33.25,0.027266
1678926900000,33.23,33.23,33.19,33.19,0.3721
1678926600000,33.44,33.44,33.23,33.23,3
1678926300000,33.44,33.44,33.44,33.44,0
1678926000000,33.41,33.44,33.41,33.44,4
1678925700000,33.31,33.41,33.31,33.41,5
1678925400000,33.33,33.33,33.31,33.31,1.254778
1678925100000,33.33,33.33,33.33,33.33,0
1678924800000,33.31,33.33,33.31,33.33,5
1678924500000,33.31,33.31,33.31,33.31,1.256838
1678924200000,33.43,33.43,33.31,33.31,0.743162
1678923900000,33.43,33.43,33.43,33.43,0
1678923600000,33.43,33.43,33.43,33.43,0
1678923300000,33.43,33.43,33.43,33.43,0
1678923000000,33.43,33.43,33.43,33.43,0
1678922700000,33.43,33.43,33.43,33.43,0
1678922400000,33.43,33.43,33.43,33.43,0
1678922100000,33.43,33.43,33.43,33.43,0
1678921800000,33.43,33.43,33.43,33.43,0
1678921500000,33.35,33.43,33.35,33.43,1.893022
1678921200000,33.35,33.35,33.35,33.35,0
1678920900000,33.35,33.35,33.35,33.35,0
1678920600000,33.35,33.35,33.35,33.35,0
1678920300000,33.33,33.43,33.33,33.35,0.002813
1678920000000,33.22,33.33,33.22,33.33,5
1678919700000,33.42,33.42,33.1,33.22,16.1
1678919400000,33.42,33.42,33.42,33.42,0
1678919100000,33.42,33.42,33.42,33.42,0
1678918800000,33.42,33.42,33.42,33.42,0
1678918500000,33.42,33.42,33.42,33.42,0
1678918200000,33.42,33.42,33.42,33.42,0
1678917900000,33.42,33.42,33.42,33.42,0
1678917600000,33.42,33.42,33.42,33.42,0
1678917300000,33.42,33.42,33.42,33.42,0
1678917000000,33.42,33.42,33.42,33.42,0
1678916700000,33.42,33.42,33.42,33.42,0
1678916400000,33.42,33.42,33.42,33.42,0
1678916100000,33.42,33.42,33.42,33.42,0
1678915800000,33.42,33.42,33.42,33.42,0
1678915500000,33.42,33.42,33.42,33.42,0
1678915200000,33.5,33.5,33.42,33.42,0.121308
1678914900000,33.5,33.5,33.5,33.5,0
1678914600000,33.5,33.5,33.5,33.5,0
1678914300000,33.3,33.5,33.3,33.5,6.1
1678914000000,33.3,33.3,33.3,33.3,0
1678913700000,33.5,33.5,33.3,33.3,35.263691
1678913400000,33.5,33.5,33.5,33.5,0
1678913100000,33.5,33.5,33.5,33.5,0
1678912800000,33.43,33.5,33.43,33.5,323
1678912500000,33.29,33.43,33.29,33.43,5
1678912200000,33.29,33.29,33.29,33.29,2.646734
1678911900000,33.3,33.3,33.29,33.29,0.353266
1678911600000,33.3,33.3,33.3,33.3,0
1678911300000,33.18,33.3,33.18,33.3,10.301165
1678911000000,33.18,33.18,33.18,33.18,0
1678910700000,33.18,33.18,33.18,33.18,0
1678910400000,33.18,33.18,33.18,33.18,0
1678910100000,33.09,33.18,33.09,33.18,3.863206
1678909800000,33.09,33.09,33.09,33.09,0
1678909500000,33.18,33.18,33.04,33.09,6.10723
1678909200000,33.36,33.36,33.18,33.18,2.129564
1678908900000,33.48,33.48,33.36,33.36,0.070352
1678908600000,33.39,33.48,33.39,33.48,6
1678908300000,33.37,33.39,33.3,33.39,9.109357
1678908000000,33.37,33.37,33.37,33.37,0
1678907700000,33.37,33.37,33.37,33.37,0
1678907400000,33.37,33.37,33.37,33.37,0
1678907100000,33.37,33.37,33.37,33.37,0
1678906800000,33.37,33.37,33.37,33.37,0
1678906500000,33.27,33.37,33.27,33.37,3
1678906200000,33.31,33.31,33.27,33.27,3.006006
1678905900000,33.3,33.39,33.3,33.31,10.365994
1678905600000,33.3,33.37,33.27,33.3,31.58057
1678905300000,33.3,33.3,33.3,33.3,0
1678905000000,33.3,33.3,33.3,33.3,0
1678904700000,33,33.3,33,33.3,6
1678904400000,32.89,33,32.89,33,324
1678904100000,33,33,32.89,32.89,0.002782
1678903800000,33.21,33.21,33,33,163.090909
1678903500000,33.12,33.21,33.12,33.21,2.007788
1678903200000,33.12,33.12,33.12,33.12,0
1678902900000,33.32,33.32,33.12,33.12,2.634864
1678902600000,33.32,33.32,33.32,33.32,0
1678902300000,33.32,33.32,33.32,33.32,0
1678902000000,33.32,33.32,33.32,33.32,0
1678901700000,33.08,33.32,33.08,33.32,11.26157
1678901400000,33.14,33.14,33.08,33.08,6.049413
1678901100000,33.14,33.14,33.14,33.14,0
1678900800000,33.04,33.14,33.04,33.14,0.001648
1678900500000,33.01,33.22,33.01,33.04,5.168218
1678900200000,33.01,33.01,33.01,33.01,0
1678899900000,33.01,33.01,33.01,33.01,0
1678899600000,32.72,33.02,32.72,33.01,20.259898
1678899300000,33,33,32.72,32.72,26.840294
1678899000000,33.17,33.17,33,33,10
1678898700000,33.17,33.17,33.17,33.17,1.402257
1678898400000,33.6,33.6,33.15,33.17,6.034333
1678898100000,33.5,33.6,33.5,33.6,0.001274
1678897800000,33.5,33.5,33.5,33.5,0
1678897500000,33.56,33.56,33.5,33.5,2.985075
1678897200000,33.54,33.56,33.54,33.56,6.1
1678896900000,33.48,33.79,33.48,33.54,6.265312
1678896600000,33.54,33.54,33.47,33.48,11.150959
1678896300000,33.79,33.79,33.54,33.54,3.359079
1678896000000,33.79,33.79,33.79,33.79,0
1678895700000,33.79,33.79,33.79,33.79,0
1678895400000,34.47,34.47,33.79,33.79,24.349541
1678895100000,34.47,34.47,34.47,34.47,0
1678894800000,34.4,34.47,34.16,34.47,6.17216
1678894500000,34.65,34.65,34.29,34.4,20.573485
1678894200000,34.81,34.81,34.47,34.65,30.82018
1678893900000,34.91,34.91,34.8,34.81,18
1678893600000,35.27,35.27,34.91,34.91,36
1678893300000,35.24,35.4,35.24,35.27,50.082146
1678893000000,35.13,35.24,35.13,35.24,3.423701
1678892700000,35.18,35.24,35.04,35.13,24.748283
1678892400000,34.94,35.23,34.94,35.18,11.145216
1678892100000,34.94,34.94,34.94,34.94,0
1678891800000,34.94,34.94,34.94,34.94,0
1678891500000,35,35,34.94,34.94,0.343439
1678891200000,35.17,35.17,35,35,11.027335
1678890900000,35.16,35.25,35.16,35.17,0.831072
1678890600000,35.38,35.38,35.16,35.16,0.753568
1678890300000,35.67,35.67,35.38,35.38,3
1678890000000,35.49,35.67,35.49,35.67,1.90677
1678889700000,35.49,35.49,35.49,35.49,0
1678889400000,35.49,35.49,35.49,35.49,0
1678889100000,35.49,35.49,35.49,35.49,0
1678888800000,35.62,35.62,35.49,35.49,0.009829
1678888500000,35.79,35.79,35.62,35.62,0.716293
1678888200000,35.79,35.79,35.79,35.79,0
1678887900000,35.89,35.9,35.79,35.79,4.998678
1678887600000,35.9,35.9,35.89,35.89,0.01279
1678887300000,35.9,35.9,35.9,35.9,0
1678887000000,36.21,36.21,35.9,35.9,11.537724
1678886700000,36.21,36.21,36.21,36.21,0
1678886400000,36.21,36.21,36.21,36.21,0
1678886100000,35.77,36.21,35.77,36.21,3
1678885800000,35.77,35.77,35.77,35.77,0
1678885500000,35.77,35.77,35.77,35.77,0
1678885200000,35.77,35.77,35.77,35.77,0
1678884900000,35.77,35.77,35.77,35.77,0
1678884600000,35.43,35.77,35.43,35.77,9
1678884300000,35.67,35.67,35.43,35.43,6
1678884000000,36.01,36.01,35.67,35.67,3
1678883700000,35.82,36.16,35.82,36.01,90
1678883400000,35.82,35.82,35.82,35.82,0
1678883100000,35.85,35.85,35.82,35.82,3
1678882800000,35.85,35.85,35.85,35.85,0
1678882500000,35.83,35.85,35.83,35.85,0.690798
1678882200000,35.83,35.83,35.83,35.83,0
1678881900000,35.33,35.88,35.33,35.83,6
1678881600000,35.33,35.33,35.33,35.33,0
1678881300000,35.33,35.33,35.33,35.33,0
1678881000000,35.33,35.33,35.33,35.33,0
1678880700000,35.33,35.33,35.33,35.33,0
1678880400000,35.33,35.33,35.33,35.33,0
1678880100000,35.33,35.33,35.33,35.33,0
1678879800000,35.35,35.35,35.33,35.33,3
1678879500000,35.35,35.35,35.35,35.35,0
1678879200000,35.43,35.43,35.35,35.35,0.151358
1678878900000,35.79,35.79,35.43,35.43,9
1678878600000,35.79,35.79,35.79,35.79,0
1678878300000,36.08,36.08,35.79,35.79,4.75034
1678878000000,36.09,36.09,36.08,36.08,0.039019
1678877700000,36.27,36.27,36.09,36.09,0.002179
1678877400000,36.32,36.32,36.27,36.27,0.008442
1678877100000,36.23,36.32,36.23,36.32,0.00394
1678876800000,36.16,36.23,36.16,36.23,3.413401
1678876500000,36.16,36.16,36.16,36.16,0
1678876200000,36.16,36.16,36.16,36.16,0
1678875900000,36.36,36.36,36.16,36.16,4.150958
1678875600000,36.36,36.36,36.36,36.36,0
1678875300000,36.36,36.36,36.36,36.36,0
1678875000000,36.44,36.44,36.36,36.36,0.936
1678874700000,36.44,36.44,36.44,36.44,0
1678874400000,36.44,36.44,36.44,36.44,0
1678874100000,36.43,36.46,36.43,36.44,6
1678873800000,36.43,36.43,36.43,36.43,0
1678873500000,36.52,36.52,36.43,36.43,3
1678873200000,36.64,36.64,36.52,36.52,0.003522
1678872900000,36.85,36.85,36.64,36.64,6
1678872600000,36.85,36.85,36.85,36.85,0
1678872300000,36.85,36.85,36.85,36.85,0
1678872000000,36.85,36.85,36.85,36.85,0
1678871700000,36.85,36.85,36.85,36.85,0
1678871400000,36.85,36.85,36.85,36.85,0
1678871100000,36.89,36.89,36.85,36.85,3
1678870800000,36.89,36.89,36.89,36.89,0
1678870500000,36.89,36.89,36.89,36.89,0
1678870200000,36.89,36.89,36.89,36.89,0
1678869900000,36.89,36.89,36.89,36.89,0
1678869600000,37.15,37.15,36.86,36.89,0.030369
1678869300000,37.15,37.15,37.15,37.15,0
1678869000000,37.15,37.15,37.15,37.15,0
1678868700000,37.21,37.21,37.15,37.15,3
1678868400000,37,37.21,37,37.21,0.149927
1678868100000,37,37,37,37,0
1678867800000,37,37,37,37,0
1678867500000,37,37,37,37,0
1678867200000,36.78,37,36.78,37,320
1678866900000,36.78,36.78,36.78,36.78,0
1678866600000,36.78,36.78,36.78,36.78,0
1678866300000,36.78,36.78,36.78,36.78,0
1678866000000,36.78,36.78,36.78,36.78,0
1678865700000,36.68,36.78,36.68,36.78,0.005422
1678865400000,36.68,36.68,36.68,36.68,0
1678865100000,36.68,36.68,36.68,36.68,0
1678864800000,36.68,36.68,36.68,36.68,0
1678864500000,36.68,36.68,36.68,36.68,0
1678864200000,36.68,36.68,36.68,36.68,0
1678863900000,36.68,36.68,36.68,36.68,0
1678863600000,36.67,36.68,36.67,36.68,0.002158
1678863300000,36.67,36.67,36.67,36.67,0
1678863000000,36.51,36.67,36.51,36.67,0.004359
1678862700000,36.51,36.51,36.51,36.51,0
1678862400000,36.93,36.93,36.51,36.51,1
1678862100000,36.93,36.93,36.93,36.93,0
1678861800000,36.93,36.93,36.93,36.93,0
1678861500000,36.93,36.93,36.93,36.93,0
1678861200000,36.93,36.93,36.93,36.93,0
1678860900000,36.93,36.93,36.93,36.93,0
1678860600000,36.93,36.93,36.93,36.93,0
1678860300000,36.93,36.93,36.93,36.93,0
1678860000000,36.93,36.93,36.93,36.93,0
1678859700000,36.93,36.93,36.93,36.93,0
1678859400000,36.93,36.93,36.93,36.93,0
1678859100000,36.93,36.93,36.93,36.93,0
1678858800000,36.93,36.93,36.93,36.93,0
1678858500000,36.93,36.93,36.93,36.93,0
1678858200000,36.93,36.93,36.93,36.93,0
1678857900000,36.79,36.93,36.79,36.93,7.961476
1678857600000,36.62,36.79,36.62,36.79,3
1678857300000,36.79,36.79,36.62,36.62,3.871062
1678857000000,36.79,36.79,36.79,36.79,0
1678856700000,36.68,36.8,36.68,36.79,9.052607
1678856400000,36.66,36.68,36.66,36.68,2
1678856100000,36.66,36.66,36.66,36.66,0
1678855800000,36.66,36.66,36.66,36.66,0
1678855500000,36.66,36.66,36.66,36.66,0
1678855200000,36.66,36.66,36.66,36.66,0
1678854900000,36.66,36.66,36.66,36.66,0
1678854600000,36.66,36.66,36.66,36.66,0
1678854300000,36.66,36.66,36.66,36.66,0
1678854000000,36.66,36.66,36.66,36.66,0
1678853700000,36.38,36.66,36.38,36.66,3
1678853400000,36.38,36.38,36.38,36.38,0
1678853100000,36.38,36.38,36.38,36.38,0
1678852800000,36.48,36.48,36.38,36.38,13
1678852500000,36.48,36.48,36.48,36.48,0
1678852200000,36.48,36.48,36.48,36.48,0
1678851900000,36.48,36.48,36.48,36.48,0
1678851600000,36.48,36.48,36.48,36.48,0
1678851300000,36.48,36.48,36.48,36.48,0
1678851000000,36.66,36.66,36.48,36.48,3
1678850700000,36.66,36.66,36.66,36.66,0
1678850400000,36.8,36.8,36.66,36.66,3.21601
1678850100000,36.65,36.8,36.65,36.8,25
1678849800000,36.65,36.65,36.65,36.65,0
1678849500000,36.65,36.65,36.65,36.65,0
1678849200000,36.65,36.65,36.65,36.65,0
1678848900000,36.57,36.65,36.57,36.65,1.188013
1678848600000,36.57,36.57,36.57,36.57,0
1678848300000,36.57,36.57,36.57,36.57,0
1678848000000,36.57,36.57,36.57,36.57,0.008799
1678847700000,36.56,36.57,36.56,36.57,0.033681
1678847400000,36.56,36.56,36.56,36.56,0
1678847100000,36.56,36.56,36.56,36.56,0
1678846800000,36.56,36.56,36.56,36.56,0
1678846500000,36.7,36.7,36.56,36.56,3
1678846200000,36.72,36.72,36.7,36.7,2.535104
1678845900000,36.72,36.72,36.72,36.72,0
1678845600000,36.77,36.77,36.72,36.72,0.015924
1678845300000,36.57,36.77,36.57,36.77,1.677759
1678845000000,36.57,36.57,36.57,36.57,0
1678844700000,36.57,36.57,36.57,36.57,0
1678844400000,36.57,36.57,36.57,36.57,0
1678844100000,36.57,36.57,36.57,36.57,0
1678843800000,36.54,36.57,36.54,36.57,2.171703
1678843500000,36.54,36.54,36.54,36.54,0
1678843200000,36.54,36.54,36.54,36.54,0
1678842900000,36.5,36.54,36.5,36.54,2.991444
1678842600000,36.43,36.5,36.43,36.5,320
1678842300000,36.43,36.43,36.43,36.43,0
1678842000000,36.19,36.43,36.19,36.43,0.030215
1678841700000,35.97,36.33,35.97,36.19,0.219089
1678841400000,35.97,35.97,35.97,35.97,0
1678841100000,35.97,35.97,35.97,35.97,0
1678840800000,36.24,36.24,35.97,35.97,0.006615
1678840500000,36.24,36.24,36.24,36.24,0
1678840200000,36.24,36.24,36.24,36.24,0.68306
1678839900000,36.27,36.27,36.24,36.24,0.12148
1678839600000,36.27,36.27,36.27,36.27,0
1678839300000,36.27,36.27,36.27,36.27,0
1678839000000,36.27,36.27,36.27,36.27,0
1678838700000,36.27,36.27,36.27,36.27,0
1678838400000,36.27,36.27,36.27,36.27,0
1678838100000,36.27,36.27,36.27,36.27,0.274855
1678837800000,36.18,36.27,36.18,36.27,0.564262
1678837500000,36.18,36.18,36.18,36.18,0
1678837200000,36.18,36.18,36.18,36.18,0
1678836900000,36.18,36.18,36.18,36.18,0
1678836600000,36.18,36.18,36.18,36.18,0
1678836300000,36.18,36.18,36.18,36.18,0
1678836000000,36.18,36.18,36.18,36.18,0
1678835700000,36.18,36.18,36.18,36.18,0
1678835400000,36.16,36.18,36.16,36.18,1.128098
1678835100000,36.16,36.16,36.16,36.16,0
1678834800000,36.16,36.16,36.16,36.16,0
1678834500000,36.16,36.16,36.16,36.16,0
1678834200000,36.16,36.16,36.16,36.16,0
1678833900000,36.35,36.35,36.16,36.16,0.23674
1678833600000,36.36,36.36,36.3,36.35,0.013099
1678833300000,36.14,36.36,36.12,36.36,0.023319
1678833000000,36.14,36.14,36.14,36.14,0
1678832700000,36.22,36.22,36.13,36.14,0.011786
1678832400000,36.22,36.22,36.22,36.22,0
1678832100000,36.12,36.23,36.12,36.22,0.251741
1678831800000,35.99,36.13,35.99,36.12,0.168699
1678831500000,35.74,35.99,35.74,35.99,0.559787
1678831200000,35.74,35.74,35.74,35.74,0
1678830900000,35.91,35.91,35.74,35.74,1.72812
1678830600000,35.91,35.91,35.91,35.91,0
1678830300000,35.91,35.91,35.91,35.91,0
1678830000000,35.28,35.91,35.28,35.91,8.304915
1678829700000,35.28,35.28,35.28,35.28,0
1678829400000,35.28,35.28,35.28,35.28,0
1678829100000,35.28,35.28,35.28,35.28,0
1678828800000,35.28,35.28,35.28,35.28,0
1678828500000,35.56,35.56,35.28,35.28,0.01222
1678828200000,35.41,35.56,35.41,35.56,3.996675
1678827900000,35.96,35.96,35.35,35.41,4.308002
1678827600000,36.23,36.23,35.96,35.96,0.00202
1678827300000,36.11,36.23,36.11,36.23,0.002173
1678827000000,36.32,36.32,36.11,36.11,1.81495
1678826700000,36.02,36.32,36.02,36.32,0.01436
1678826400000,36.34,36.34,36.02,36.02,0.006017
1678826100000,36.51,36.51,36.34,36.34,0.339845
1678825800000,36.51,36.51,36.51,36.51,0
1678825500000,36.42,36.51,36.42,36.51,0.00239
1678825200000,36.51,36.51,36.42,36.42,0.001001
1678824900000,36.51,36.51,36.51,36.51,0
1678824600000,36.23,36.52,36.23,36.51,0.741984
1678824300000,36.23,36.23,36.23,36.23,0
1678824000000,36.23,36.23,36.23,36.23,0
1678823700000,36.23,36.23,36.23,36.23,0
1678823400000,36.01,36.23,36.01,36.23,0.116726
1678823100000,36.07,36.07,36.01,36.01,0.042482
1678822800000,36.07,36.07,36.07,36.07,0
1678822500000,36.07,36.07,36.07,36.07,0
1678822200000,36.33,36.33,36.07,36.07,12
1678821900000,36.33,36.33,36.33,36.33,0
1678821600000,36.33,36.33,36.33,36.33,0
1678821300000,36.47,36.47,35.83,36.33,27
1678821000000,37.78,37.78,36.47,36.47,2.002122
1678820700000,37.78,37.78,37.78,37.78,0
1678820400000,37.78,37.78,37.78,37.78,0
1678820100000,37.78,37.78,37.78,37.78,0
1678819800000,37.78,37.78,37.78,37.78,0
1678819500000,37.78,37.78,37.78,37.78,0
1678819200000,37.78,37.78,37.78,37.78,0
1678818900000,37.78,37.78,37.78,37.78,0
1678818600000,37.59,37.78,37.59,37.78,0.022462
1678818300000,37.46,37.59,37.46,37.59,2
1678818000000,37.38,37.57,37.38,37.46,4.049419
1678817700000,37.26,37.38,37.21,37.38,14
1678817400000,37.51,37.51,37.26,37.26,4
1678817100000,37.59,37.59,37.51,37.51,3
1678816800000,37.61,37.66,37.59,37.59,0.412386
1678816500000,37.7,37.73,37.61,37.61,6.160446
1678816200000,37.4,37.74,37.4,37.7,2.877254
1678815900000,37.4,37.4,37.4,37.4,0
1678815600000,37.6,37.61,37.4,37.4,23.725963
1678815300000,37.4,37.6,37.4,37.6,0.041137
1678815000000,37.4,37.4,37.4,37.4,0
1678814700000,37.4,37.4,37.4,37.4,0
1678814400000,37.42,37.42,37.23,37.4,0.554026
1678814100000,37.27,37.42,37.27,37.42,0.001076
1678813800000,37.27,37.27,37.27,37.27,0
1678813500000,37.27,37.27,37.27,37.27,0
1678813200000,37.27,37.27,37.27,37.27,0
1678812900000,37.27,37.27,37.27,37.27,0
1678812600000,37.27,37.27,37.27,37.27,0
1678812300000,37.27,37.27,37.27,37.27,0
1678812000000,37.16,37.27,37.16,37.27,0.006702
1678811700000,37.16,37.16,37.16,37.16,0
1678811400000,37.16,37.16,37.16,37.16,0
1678811100000,37.28,37.28,37.16,37.16,0.014714
1678810800000,37.55,37.6,37.28,37.28,0.044088
1678810500000,37.8,37.8,37.55,37.55,0.003349
1678810200000,37.8,37.8,37.8,37.8,0
1678809900000,37.83,37.83,37.8,37.8,0.030922
1678809600000,37.6,37.83,37.6,37.83,0.019382
1678809300000,37.7,37.7,37.6,37.6,0.112204
1678809000000,37.61,37.91,37.61,37.7,1.384736
1678808700000,37.58,37.61,37.58,37.61,2.725487
1678808400000,37.7,37.82,37.36,37.58,70.759533
1678808100000,37.58,37.8,37.58,37.7,6.321188
1678807800000,37.42,37.6,37.42,37.58,4.83342
1678807500000,37.56,37.68,37.4,37.42,8.043202
1678807200000,37.74,37.91,37.56,37.56,8.550053
1678806900000,37.75,37.86,37.74,37.74,25.988132
1678806600000,37.75,37.75,37.75,37.75,0.001057
1678806300000,37.55,37.76,37.46,37.75,13.284358
1678806000000,37.25,37.67,37.25,37.55,2.756886
1678805700000,37.49,37.5,37.25,37.25,356.198744
1678805400000,37.2,37.49,37.2,37.49,0.106422
1678805100000,37.2,37.2,37.2,37.2,0
1678804800000,37.2,37.2,37.2,37.2,0
1678804500000,37.2,37.2,37.2,37.2,0
1678804200000,37.27,37.27,37.08,37.2,0.28989
1678803900000,37,37.27,37,37.27,3.871062
1678803600000,37,37,37,37,0
1678803300000,36.79,37,36.79,37,320.610493
1678803000000,36.79,36.79,36.79,36.79,0
1678802700000,36.86,36.86,36.79,36.79,0.060984
1678802400000,36.94,36.94,36.81,36.86,2.854888
1678802100000,36.94,36.94,36.94,36.94,0
1678801800000,36.94,36.94,36.94,36.94,0
1678801500000,36.88,36.99,36.88,36.94,11.523013
1678801200000,36.75,36.88,36.75,36.88,2.070817
1678800900000,36.44,36.75,36.44,36.75,0.106349
1678800600000,36.48,36.48,36.44,36.44,0.177995
1678800300000,36.14,36.48,36.14,36.48,0.001511
1678800000000,36.33,36.33,36.14,36.14,5.430479
1678799700000,36.86,36.86,36.33,36.33,0.468
1678799400000,36.56,36.86,36.56,36.86,0.233176
1678799100000,36.56,36.56,36.56,36.56,0
1678798800000,36.56,36.56,36.56,36.56,0
1678798500000,36.27,36.56,36.27,36.56,10.698886
1678798200000,36.11,36.32,36.09,36.27,11.47562
1678797900000,35.87,36.11,35.87,36.11,279.48311
1678797600000,35.16,35.87,35.16,35.87,0.06374
1678797300000,35.16,35.16,35.16,35.16,0
1678797000000,35.16,35.16,35.16,35.16,0
1678796700000,35.16,35.16,35.16,35.16,0
1678796400000,35.16,35.16,35.16,35.16,0
1678796100000,35.16,35.16,35.16,35.16,0
1678795800000,35.16,35.16,35.16,35.16,0
1678795500000,35.16,35.16,35.16,35.16,0
1678795200000,35.12,35.16,35.12,35.16,1.313565
1678794900000,35.03,35.12,35.03,35.12,0.004325
1678794600000,35.01,35.03,35.01,35.03,10.128818
1678794300000,35.03,35.03,35.01,35.01,0.003583
1678794000000,35.03,35.03,35.03,35.03,0
1678793700000,34.96,35.03,34.96,35.03,0.037209
1678793400000,34.96,34.96,34.96,34.96,0
1678793100000,34.96,34.96,34.96,34.96,0
1678792800000,34.96,34.96,34.96,34.96,0
1678792500000,34.96,34.96,34.96,34.96,0
1678792200000,34.96,34.96,34.96,34.96,0
1678791900000,34.96,34.96,34.96,34.96,0
1678791600000,34.96,34.96,34.96,34.96,0
1678791300000,34.96,34.96,34.96,34.96,0
1678791000000,34.96,34.96,34.96,34.96,0
1678790700000,34.96,34.96,34.96,34.96,0
1678790400000,34.96,34.96,34.96,34.96,0
1678790100000,34.96,34.96,34.96,34.96,0
1678789800000,34.96,34.96,34.96,34.96,0
1678789500000,34.96,34.96,34.96,34.96,0
1678789200000,34.96,34.96,34.96,34.96,0
1678788900000,34.96,34.96,34.96,34.96,0
1678788600000,34.96,34.96,34.96,34.96,0
1678788300000,34.96,34.96,34.96,34.96,0
1678788000000,34.96,34.96,34.96,34.96,0
1678787700000,34.96,34.96,34.96,34.96,0
1678787400000,34.96,34.96,34.96,34.96,0
1678787100000,34.96,34.96,34.96,34.96,0
1678786800000,34.96,34.96,34.96,34.96,0.017089
1678786500000,34.96,34.96,34.96,34.96,0
1678786200000,34.96,34.96,34.96,34.96,0
1678785900000,34.96,34.96,34.96,34.96,0
1678785600000,34.96,34.96,34.96,34.96,0
1678785300000,34.96,34.96,34.96,34.96,0
1678785000000,35.07,35.07,34.91,34.96,30.907301
1678784700000,35.07,35.07,35.07,35.07,0
1678784400000,35.07,35.07,35.07,35.07,0
1678784100000,35.07,35.07,35.07,35.07,0
1678783800000,35.1,35.1,35.07,35.07,0.003611
1678783500000,35.1,35.1,35.1,35.1,0
1678783200000,34.73,35.1,34.73,35.1,0.008725
1678782900000,34.73,34.73,34.73,34.73,0
1678782600000,34.73,34.73,34.73,34.73,0
1678782300000,34.73,34.73,34.73,34.73,0
1678782000000,34.73,34.73,34.73,34.73,0
1678781700000,34.73,34.73,34.73,34.73,0
1678781400000,35.16,35.16,34.73,34.73,1.34
1678781100000,35.16,35.16,35.16,35.16,0
1678780800000,35.16,35.16,35.16,35.16,0
1678780500000,35.16,35.16,35.16,35.16,0
1678780200000,35.16,35.16,35.16,35.16,0
1678779900000,35.16,35.16,35.16,35.16,0
1678779600000,35.32,35.32,35.16,35.16,0.03116
1678779300000,35.32,35.32,35.32,35.32,0
1678779000000,35.32,35.32,35.32,35.32,0
1678778700000,35.32,35.32,35.32,35.32,0
1678778400000,35.32,35.32,35.32,35.32,0
1678778100000,35.32,35.32,35.32,35.32,0
1678777800000,35.32,35.32,35.32,35.32,0
1678777500000,35.32,35.32,35.32,35.32,0
1678777200000,35.32,35.32,35.32,35.32,0
1678776900000,35.32,35.32,35.32,35.32,0
1678776600000,35.32,35.32,35.32,35.32,0
1678776300000,35.25,35.32,35.25,35.32,0.001345
1678776000000,35.25,35.25,35.25,35.25,0
1678775700000,35.25,35.25,35.25,35.25,0
1678775400000,35.25,35.25,35.25,35.25,0
1678775100000,35.25,35.25,35.25,35.25,0
1678774800000,35.25,35.25,35.25,35.25,0
1678774500000,35.25,35.25,35.25,35.25,0
1678774200000,35.25,35.25,35.25,35.25,0
1678773900000,35.25,35.25,35.25,35.25,0
1678773600000,35.25,35.25,35.25,35.25,0
1678773300000,35.25,35.25,35.25,35.25,0
1678773000000,35.25,35.25,35.25,35.25,0
1678772700000,35.25,35.25,35.25,35.25,0
1678772400000,35.25,35.25,35.25,35.25,0
1678772100000,35.25,35.25,35.25,35.25,0
1678771800000,35.2,35.25,35.2,35.25,0.031326
1678771500000,35.2,35.2,35.2,35.2,0
1678771200000,35.5,35.5,35.2,35.2,4.828347
1678770900000,35.5,35.5,35.5,35.5,0
1678770600000,35.5,35.5,35.5,35.5,0
1678770300000,35.5,35.5,35.5,35.5,0
1678770000000,35.4,35.5,35.39,35.5,50.704225
1678769700000,35.4,35.4,35.4,35.4,0
1678769400000,35.19,35.4,35.19,35.4,38.611111
1678769100000,35.18,35.19,35.18,35.19,2
1678768800000,35.1,35.18,35.1,35.18,3
1678768500000,35.08,35.1,35.08,35.1,1
1678768200000,35.1,35.1,35.08,35.08,11.4
1678767900000,35.1,35.1,35.1,35.1,0
1678767600000,35.36,35.36,35.1,35.1,0.792011
1678767300000,35.36,35.36,35.36,35.36,0
1678767000000,35.21,35.36,34.96,35.36,60.79018
1678766700000,35.21,35.21,35.21,35.21,0
1678766400000,35.14,35.21,35.14,35.21,2
1678766100000,35.14,35.14,35.14,35.14,0
1678765800000,35.14,35.14,35.14,35.14,0
1678765500000,35.11,35.14,35.11,35.14,0.024411
1678765200000,35.11,35.11,35.11,35.11,0
1678764900000,34.96,35.11,34.96,35.11,2
1678764600000,34.96,34.96,34.96,34.96,0
1678764300000,34.96,34.96,34.96,34.96,0
1678764000000,34.96,34.96,34.96,34.96,0
1678763700000,35.04,35.04,34.96,34.96,1.328
1678763400000,35.16,35.16,35.04,35.04,0.113855
1678763100000,35.16,35.16,35.16,35.16,0
1678762800000,35.16,35.16,35.16,35.16,2.745048
1678762500000,35.16,35.16,35.16,35.16,0
1678762200000,35.16,35.16,35.16,35.16,0
1678761900000,34.95,35.16,34.95,35.16,0.007579
1678761600000,34.95,34.95,34.95,34.95,0
1678761300000,34.95,34.95,34.95,34.95,0
1678761000000,34.95,34.95,34.95,34.95,0
1678760700000,35.16,35.16,34.95,34.95,22.549746
1678760400000,35.16,35.16,35.16,35.16,0
1678760100000,35.15,35.16,35.15,35.16,0.561065
1678759800000,35.23,35.23,35.15,35.15,10
1678759500000,35.49,35.49,35.23,35.23,17.292355
1678759200000,35.3,35.49,35.3,35.49,8.588015
1678758900000,35.3,35.3,35.24,35.3,0.635376
1678758600000,35.3,35.3,35.3,35.3,0
1678758300000,35.3,35.3,35.3,35.3,0
1678758000000,35.3,35.3,35.3,35.3,0
1678757700000,35.3,35.3,35.3,35.3,0
1678757400000,35.38,35.38,35.3,35.3,6.496081
1678757100000,35.38,35.38,35.38,35.38,0
1678756800000,35.38,35.38,35.38,35.38,0
1678756500000,35.38,35.38,35.38,35.38,0
1678756200000,35.23,35.38,35.23,35.38,0.008476
1678755900000,35.23,35.23,35.23,35.23,0
1678755600000,35.23,35.23,35.23,35.23,0
1678755300000,35.23,35.23,35.23,35.23,0
1678755000000,35.23,35.23,35.23,35.23,0
1678754700000,35.23,35.23,35.23,35.23,0
1678754400000,35.57,35.57,35.23,35.23,12.480419
1678754100000,35.57,35.57,35.57,35.57,0.000358
1678753800000,35.32,35.63,35.32,35.57,3.505637
1678753500000,35.32,35.32,35.32,35.32,0
1678753200000,35.43,35.49,35.32,35.32,6.447414
1678752900000,35.43,35.43,35.43,35.43,0
1678752600000,35.43,35.43,35.43,35.43,0
1678752300000,35.33,35.43,35.33,35.43,2.782111
1678752000000,35.33,35.33,35.33,35.33,0
1678751700000,35.33,35.33,35.33,35.33,0
1678751400000,35.33,35.33,35.33,35.33,0
1678751100000,35.33,35.33,35.33,35.33,0
1678750800000,35.33,35.33,35.33,35.33,0
1678750500000,35.33,35.33,35.33,35.33,0.470859
1678750200000,35.16,35.33,35.16,35.33,0.828884
1678749900000,35.16,35.16,35.16,35.16,0
1678749600000,35.56,35.56,35.16,35.16,1
1678749300000,35.63,35.63,35.56,35.56,0.951594
1678749000000,35.63,35.63,35.63,35.63,0
1678748700000,35.79,35.79,35.62,35.63,1.060388
1678748400000,35.74,35.8,35.6,35.79,5.344296
1678748100000,35.73,35.74,35.53,35.74,0.096996
1678747800000,35.73,35.73,35.73,35.73,0
1678747500000,35.45,35.73,35.45,35.73,0.745257
1678747200000,35.69,35.69,35.45,35.45,0.065621
1678746900000,35.63,35.79,35.54,35.69,104.460722
1678746600000,35.63,35.63,35.59,35.63,0.732917
1678746300000,35.63,35.63,35.63,35.63,0
1678746000000,35.63,35.63,35.63,35.63,0.002876
1678745700000,35.63,35.63,35.63,35.63,0
1678745400000,35.46,35.63,35.46,35.63,7.2
1678745100000,35.46,35.46,35.46,35.46,0
1678744800000,35.42,35.46,35.34,35.46,16.028347
1678744500000,35.35,35.42,35.35,35.42,0.020774
1678744200000,35.41,35.41,35.35,35.35,2.74
1678743900000,35.17,35.41,35.17,35.41,48.76036
1678743600000,35.17,35.17,35.17,35.17,0
1678743300000,35.47,35.47,35.17,35.17,0.160356
1678743000000,35.32,35.47,34.98,35.47,50.001034
1678742700000,35.47,35.5,35,35.32,339.884
1678742400000,35.63,35.92,35.47,35.47,150
1678742100000,35.63,35.63,35.63,35.63,0
1678741800000,35.63,35.63,35.63,35.63,0
1678741500000,35.63,35.63,35.63,35.63,0
1678741200000,35.63,35.63,35.63,35.63,0.595385
1678740900000,35.63,35.63,35.63,35.63,0
1678740600000,35.63,35.63,35.63,35.63,0.442115
1678740300000,35.62,35.63,35.62,35.63,0.07228
1678740000000,35.62,35.62,35.62,35.62,0.029528
1678739700000,35.62,35.62,35.62,35.62,0.008299
1678739400000,35.62,35.62,35.62,35.62,0
1678739100000,35.62,35.62,35.62,35.62,0
1678738800000,35.62,35.62,35.62,35.62,0.259816
1678738500000,35.62,35.62,35.62,35.62,0.154284
1678738200000,35.99,35.99,35.62,35.62,2.285686
1678737900000,35.99,35.99,35.99,35.99,0
1678737600000,35.99,35.99,35.99,35.99,0
1678737300000,35.99,35.99,35.99,35.99,0
1678737000000,35.99,35.99,35.99,35.99,0
1678736700000,35.75,35.99,35.75,35.99,1.326976
1678736400000,35.75,35.75,35.75,35.75,0
1678736100000,35.99,35.99,35.75,35.75,0.02262
1678735800000,35.99,35.99,35.99,35.99,0
1678735500000,35.71,35.99,35.71,35.99,0.002321
1678735200000,35.71,35.71,35.71,35.71,0
1678734900000,35.71,35.71,35.71,35.71,0
1678734600000,35.71,35.71,35.71,35.71,0
1678734300000,35.71,35.71,35.71,35.71,0
1678734000000,35.71,35.71,35.71,35.71,0
1678733700000,35.99,35.99,35.71,35.71,0.115807
1678733400000,35.99,35.99,35.99,35.99,0
1678733100000,35.99,35.99,35.99,35.99,0
1678732800000,35.99,35.99,35.99,35.99,0
1678732500000,35.99,35.99,35.99,35.99,0
1678732200000,35.99,35.99,35.99,35.99,0
1678731900000,35.99,35.99,35.99,35.99,0
1678731600000,35.54,35.99,35.54,35.99,0.373513
1678731300000,35.54,35.54,35.54,35.54,0
1678731000000,35.54,35.54,35.54,35.54,0
1678730700000,35.99,35.99,35.54,35.54,0.272596
1678730400000,36,36,35.99,35.99,0.272596
1678730100000,36,36,36,36,0
1678729800000,36,36,36,36,0
1678729500000,35.54,36,35.54,36,50.08177
1678729200000,35.68,35.68,35.54,35.54,0.008712
1678728900000,35.68,35.68,35.68,35.68,0
1678728600000,35.55,35.68,35.54,35.68,0.410327
1678728300000,35.55,35.55,35.55,35.55,0
1678728000000,35.55,35.55,35.55,35.55,0
1678727700000,35.55,35.55,35.55,35.55,0
1678727400000,35.55,35.55,35.55,35.55,0
1678727100000,35.81,35.81,35.55,35.55,0.897327
1678726800000,35.81,35.81,35.81,35.81,0
1678726500000,35.81,35.81,35.81,35.81,0
1678726200000,35.1,35.81,35.1,35.81,1.02
1678725900000,35.1,35.1,35.1,35.1,0
1678725600000,35.1,35.1,35.1,35.1,0.023488
1678725300000,35.1,35.1,35.1,35.1,0
1678725000000,35.43,35.43,35.1,35.1,4.069127
1678724700000,35.43,35.49,35.43,35.43,10
1678724400000,35.43,35.43,35.43,35.43,0
1678724100000,35.52,35.55,35.41,35.43,23.955812
1678723800000,35.37,35.52,35.37,35.52,21.3
1678723500000,35.16,35.37,35.15,35.37,18.488308
1678723200000,35.17,35.35,35.16,35.16,3.212402
1678722900000,35.18,35.18,35.17,35.17,3.877557
1678722600000,35.3,35.3,35.18,35.18,1.051931
1678722300000,35.5,35.5,35.3,35.3,0.009992
1678722000000,35.5,35.5,35.5,35.5,0
1678721700000,35.69,35.69,35.5,35.5,7.6
1678721400000,35.67,35.71,35.67,35.69,2.477222
1678721100000,35.56,35.67,35.44,35.67,13.439713
1678720800000,35.27,35.76,35.27,35.56,20.609709
1678720500000,35.4,35.41,35.27,35.27,0.039749
1678720200000,35.49,35.62,35.19,35.4,22.03547
1678719900000,35.2,35.6,35.14,35.49,8.516498
1678719600000,34.88,35.21,34.88,35.2,279.205573
1678719300000,34.88,34.88,34.88,34.88,0
1678719000000,34.7,34.88,34.7,34.88,0.017101
1678718700000,34.7,34.7,34.7,34.7,0
1678718400000,34.7,34.7,34.7,34.7,0.256873
1678718100000,34.35,34.7,34.35,34.7,0.09859
1678717800000,34.35,34.35,34.35,34.35,0
1678717500000,34.49,34.49,34.26,34.35,1.92255
1678717200000,34.2,34.52,34.2,34.49,18.836481
1678716900000,34.2,34.2,34.2,34.2,3
1678716600000,33.74,34.2,33.74,34.2,3
1678716300000,33.63,33.74,33.63,33.74,2
1678716000000,33.63,33.63,33.63,33.63,0.010407
1678715700000,33.63,33.63,33.63,33.63,0.00105
1678715400000,33.35,33.63,33.35,33.63,0.896051
1678715100000,33.35,33.35,33.35,33.35,0
1678714800000,33.35,33.35,33.35,33.35,0
1678714500000,33.74,33.74,33.35,33.35,90
1678714200000,33.8,33.8,33.74,33.74,12.617282
1678713900000,33.8,33.8,33.8,33.8,0
1678713600000,33.8,33.8,33.8,33.8,0
1678713300000,33.8,33.8,33.8,33.8,0
1678713000000,33.8,33.8,33.8,33.8,0
1678712700000,33.8,33.8,33.8,33.8,0
1678712400000,33.89,33.89,33.64,33.8,15.5
1678712100000,33.36,33.89,33.36,33.89,0.002299
1678711800000,33.36,33.36,33.36,33.36,0
1678711500000,33.56,33.56,33.36,33.36,2
1678711200000,33.58,33.58,33.56,33.56,3.353691
1678710900000,33.61,33.61,33.58,33.58,0.01205
1678710600000,33.9,33.9,33.61,33.61,5.9
1678710300000,33.9,33.9,33.9,33.9,0
1678710000000,33.9,33.9,33.9,33.9,0
1678709700000,33.9,33.9,33.9,33.9,0
1678709400000,33.9,33.9,33.9,33.9,0
1678709100000,33.9,33.9,33.9,33.9,0
1678708800000,33.9,33.9,33.9,33.9,0
1678708500000,33.9,33.9,33.9,33.9,0
1678708200000,33.9,33.9,33.9,33.9,0
1678707900000,33.9,33.9,33.9,33.9,0
1678707600000,33.9,33.9,33.9,33.9,0
1678707300000,33.9,33.9,33.9,33.9,0
1678707000000,33.9,33.9,33.9,33.9,0
1678706700000,33.9,33.9,33.9,33.9,0
1678706400000,33.9,33.9,33.9,33.9,0
1678706100000,33.86,33.9,33.86,33.9,0.355463
1678705800000,33.86,33.86,33.86,33.86,0.532
1678705500000,33.78,33.86,33.78,33.86,0.468
1678705200000,33.42,33.78,33.42,33.78,2
1678704900000,33.42,33.42,33.42,33.42,0
1678704600000,33.42,33.42,33.42,33.42,0.011324
1678704300000,33.13,33.42,33.13,33.42,0.043691
1678704000000,33.13,33.13,33.13,33.13,0
1678703700000,33.13,33.13,33.13,33.13,0
1678703400000,33.13,33.13,33.13,33.13,0
1678703100000,33.13,33.13,33.13,33.13,0
1678702800000,33.13,33.13,33.13,33.13,0
1678702500000,33.13,33.13,33.13,33.13,0
1678702200000,33.13,33.13,33.13,33.13,0
1678701900000,33.13,33.13,33.13,33.13,0
1678701600000,33.13,33.13,33.13,33.13,0
1678701300000,33.13,33.13,33.13,33.13,0
1678701000000,33.13,33.13,33.13,33.13,0
1678700700000,33.13,33.13,33.13,33.13,0
1678700400000,33.13,33.13,33.13,33.13,0
1678700100000,33.5,33.5,33.13,33.13,5
1678699800000,33.59,33.59,33.5,33.5,6.016696
1678699500000,33.75,33.75,33.59,33.59,2.089285
1678699200000,33.92,33.92,33.75,33.75,31.796584
1678698900000,33.92,33.92,33.92,33.92,0
1678698600000,33.92,33.92,33.92,33.92,0
1678698300000,33.92,33.92,33.92,33.92,0
1678698000000,33.92,33.92,33.92,33.92,0
1678697700000,33.92,33.92,33.92,33.92,0
1678697400000,34.21,34.21,33.92,33.92,53.436615
1678697100000,34.21,34.21,34.21,34.21,0
1678696800000,34.21,34.21,34.21,34.21,0
1678696500000,34.21,34.21,34.21,34.21,0
1678696200000,34.21,34.21,34.21,34.21,0
1678695900000,34.24,34.3,34.21,34.21,2.971665
1678695600000,34.24,34.24,34.24,34.24,0
1678695300000,34.24,34.24,34.24,34.24,0
1678695000000,34.21,34.24,34.21,34.24,3.221963
1678694700000,34.21,34.21,34.21,34.21,0
1678694400000,34.21,34.21,34.21,34.21,0
1678694100000,34.21,34.21,34.21,34.21,0
1678693800000,34.21,34.21,34.21,34.21,0
1678693500000,34.21,34.21,34.21,34.21,0
1678693200000,34.21,34.21,34.21,34.21,0
1678692900000,34.21,34.21,34.21,34.21,0
1678692600000,34.21,34.21,34.21,34.21,0
1678692300000,34.21,34.21,34.21,34.21,0
1678692000000,34.21,34.21,34.21,34.21,0
1678691700000,34.21,34.21,34.21,34.21,0
1678691400000,34.21,34.21,34.21,34.21,0
1678691100000,34.21,34.21,34.21,34.21,0
1678690800000,34.21,34.21,34.21,34.21,0
1678690500000,34.21,34.21,34.21,34.21,0
1678690200000,34.21,34.21,34.21,34.21,0
1678689900000,34.21,34.21,34.21,34.21,0
1678689600000,34.21,34.21,34.21,34.21,0
1678689300000,34.34,34.34,34.21,34.21,0.03494
1678689000000,34.17,34.34,34.17,34.34,5.510862
1678688700000,34.17,34.17,34.17,34.17,0
1678688400000,34.17,34.17,34.17,34.17,0
1678688100000,34.17,34.17,34.17,34.17,0
1678687800000,34.17,34.17,34.17,34.17,0
1678687500000,34.17,34.17,34.17,34.17,0
1678687200000,34.17,34.17,34.17,34.17,0
1678686900000,34.17,34.17,34.17,34.17,0
1678686600000,34.17,34.17,34.17,34.17,0
1678686300000,34.17,34.17,34.17,34.17,0
1678686000000,34.17,34.17,34.17,34.17,0
1678685700000,34.17,34.17,34.17,34.17,0
1678685400000,34.17,34.17,34.17,34.17,0
1678685100000,34.17,34.17,34.17,34.17,0
1678684800000,34.17,34.17,34.17,34.17,0
1678684500000,34.17,34.17,34.17,34.17,0
1678684200000,34.17,34.17,34.17,34.17,0
1678683900000,34.17,34.17,34.17,34.17,0
1678683600000,34.17,34.17,34.17,34.17,0
1678683300000,34.17,34.17,34.17,34.17,0
1678683000000,34.17,34.17,34.17,34.17,0
1678682700000,34.17,34.17,34.17,34.17,0
1678682400000,34.17,34.17,34.17,34.17,0
1678682100000,34.17,34.17,34.17,34.17,0
1678681800000,34.17,34.17,34.17,34.17,0
1678681500000,34.17,34.17,34.17,34.17,0
1678681200000,34.17,34.17,34.17,34.17,0
1678680900000,34.17,34.17,34.17,34.17,0
1678680600000,34.17,34.17,34.17,34.17,0
1678680300000,34.17,34.17,34.17,34.17,0
1678680000000,34.17,34.17,34.17,34.17,0
1678679700000,34.17,34.17,34.17,34.17,0
1678679400000,34.46,34.46,34.17,34.17,0.008061
1678679100000,34.46,34.46,34.46,34.46,0
1678678800000,34.8,34.8,34.46,34.46,1
1678678500000,34.8,34.8,34.8,34.8,0
1678678200000,34.8,34.8,34.8,34.8,0
1678677900000,34.8,34.8,34.8,34.8,0
1678677600000,34.8,34.8,34.8,34.8,0
1678677300000,34.8,34.8,34.8,34.8,0
1678677000000,34.8,34.8,34.8,34.8,0
1678676700000,34.17,34.8,34.17,34.8,0.980381
1678676400000,34.17,34.17,34.17,34.17,0
1678676100000,34.17,34.17,34.17,34.17,0
1678675800000,34.59,34.59,34.17,34.17,0.762249
1678675500000,34.59,34.59,34.59,34.59,0
1678675200000,34.59,34.59,34.59,34.59,0.002891
1678674900000,34.59,34.59,34.59,34.59,0
1678674600000,34.59,34.59,34.59,34.59,0
1678674300000,34.99,34.99,34.59,34.59,0.012941
1678674000000,34.99,34.99,34.99,34.99,0
1678673700000,34.99,34.99,34.99,34.99,0
1678673400000,34.99,34.99,34.99,34.99,0
1678673100000,34.99,34.99,34.99,34.99,0
1678672800000,34.99,34.99,34.99,34.99,0
1678672500000,35,35,34.99,34.99,0.286365
1678672200000,35,35,35,35,0
1678671900000,35,35,35,35,0
1678671600000,35,35,35,35,0
1678671300000,35,35,35,35,0
1678671000000,35,35,35,35,0
1678670700000,35,35,35,35,0
1678670400000,35,35,35,35,0
1678670100000,35,35,35,35,0
1678669800000,35,35,35,35,0
1678669500000,35,35,35,35,0
1678669200000,35,35,35,35,0
1678668900000,35,35,35,35,0
1678668600000,35,35,35,35,0
1678668300000,35,35,35,35,6.228
1678668000000,34.88,35,34.88,35,47.010732
1678667700000,34.88,34.88,34.88,34.88,0
1678667400000,34.88,34.88,34.88,34.88,0
1678667100000,34.88,34.88,34.88,34.88,0
1678666800000,34.88,34.88,34.88,34.88,0
1678666500000,34.88,34.88,34.88,34.88,0
1678666200000,34.88,34.88,34.88,34.88,0
1678665900000,34.88,34.88,34.88,34.88,0
1678665600000,34.88,34.88,34.88,34.88,0
1678665300000,34.88,34.88,34.88,34.88,0
1678665000000,34.13,34.88,34.13,34.88,0.2
1678664700000,34.13,34.13,34.13,34.13,0
1678664400000,34.13,34.13,34.13,34.13,0
1678664100000,34.89,34.89,34.13,34.13,0.26402
1678663800000,34.89,34.89,34.89,34.89,0
1678663500000,34.89,34.89,34.89,34.89,0
1678663200000,34.89,34.89,34.89,34.89,0
1678662900000,34.89,34.89,34.89,34.89,0
1678662600000,34.12,34.89,34.12,34.89,4.190706
1678662300000,34.12,34.12,34.12,34.12,0
1678662000000,34.12,34.12,34.12,34.12,0
1678661700000,34.13,34.13,34.12,34.12,0.553808
1678661400000,35,35,34.11,34.13,0.494532
1678661100000,35,35,35,35,0
1678660800000,35,35,35,35,0
1678660500000,35,35,35,35,0
1678660200000,35,35,35,35,0
1678659900000,34,35,34,35,5.603242
1678659600000,33.13,34,33.13,34,318
1678659300000,33.09,33.31,33.09,33.13,4
1678659000000,33.09,33.09,33.09,33.09,0
1678658700000,33.09,33.09,33.09,33.09,0
1678658400000,33.09,33.09,33.09,33.09,0
1678658100000,33.09,33.09,33.09,33.09,0
1678657800000,32.95,33.09,32.95,33.09,0.02984
1678657500000,32.84,32.95,32.84,32.95,0.00867
1678657200000,32.98,32.98,32.84,32.84,0.008671
1678656900000,32.96,32.98,32.96,32.98,0.029841
1678656600000,32.96,32.96,32.96,32.96,0
1678656300000,32.96,32.96,32.96,32.96,0
1678656000000,33.99,33.99,32.96,32.96,2.121521
1678655700000,33.99,33.99,33.99,33.99,0
1678655400000,33.99,33.99,33.99,33.99,0
1678655100000,33.99,33.99,33.99,33.99,0
1678654800000,33.99,33.99,33.99,33.99,0
1678654500000,33.74,33.99,33.74,33.99,1.010245
1678654200000,33.74,33.74,33.74,33.74,0
1678653900000,33.74,33.74,33.74,33.74,0
1678653600000,33.74,33.74,33.74,33.74,0
1678653300000,33.74,33.74,33.74,33.74,0
1678653000000,33.74,33.74,33.74,33.74,0
1678652700000,33.74,33.74,33.74,33.74,0
1678652400000,33.74,33.74,33.74,33.74,0
1678652100000,33.74,33.74,33.74,33.74,0
1678651800000,32.29,33.74,32.29,33.74,18.88263
1678651500000,32.2,32.29,32.2,32.29,2.34
1678651200000,32.73,32.73,32.2,32.2,0.0216
1678650900000,32.58,32.73,32.58,32.73,0.018144
1678650600000,32.58,32.58,32.58,32.58,0
1678650300000,32.58,32.58,32.58,32.58,0
1678650000000,32.82,32.82,32.58,32.58,0.151044
1678649700000,32.82,32.82,32.82,32.82,0
1678649400000,32.82,32.82,32.82,32.82,0
1678649100000,32.82,32.82,32.82,32.82,0
1678648800000,32.82,32.82,32.82,32.82,0
1678648500000,34,34,32.82,32.82,12.574606
1678648200000,34,34,34,34,0
1678647900000,34,34,34,34,0
1678647600000,34,34,34,34,0
1678647300000,34,34,34,34,0
1678647000000,34,34,34,34,0
1678646700000,33.5,34,33.5,34,7.207199
1678646400000,33.5,33.5,33.5,33.5,0
1678646100000,33.5,33.5,33.5,33.5,0
1678645800000,32.14,33.5,32.14,33.5,1.425898
1678645500000,32.14,32.14,32.14,32.14,0
1678645200000,31.83,32.15,31.83,32.14,5.680535
1678644900000,31.83,31.83,31.83,31.83,0
1678644600000,31.83,31.83,31.83,31.83,0
1678644300000,31.83,31.83,31.83,31.83,0
1678644000000,31.83,31.83,31.83,31.83,0
1678643700000,32.11,32.11,31.83,31.83,0.645058
1678643400000,32.11,32.11,32.11,32.11,0
1678643100000,31.47,32.11,31.47,32.11,0.154588
1678642800000,31.47,31.47,31.47,31.47,0
1678642500000,31.47,31.47,31.47,31.47,0
1678642200000,31.47,31.47,31.47,31.47,0
1678641900000,31.47,31.47,31.47,31.47,0
1678641600000,31.47,31.47,31.47,31.47,0
1678641300000,31.47,31.47,31.47,31.47,0
1678641000000,31.47,31.47,31.47,31.47,0
1678640700000,31.47,31.47,31.47,31.47,0
1678640400000,31.47,31.47,31.47,31.47,0
1678640100000,31.47,31.47,31.47,31.47,0
1678639800000,31.47,31.47,31.47,31.47,0
1678639500000,31.47,31.47,31.47,31.47,0
1678639200000,31.47,31.47,31.47,31.47,0.419447
1678638900000,31.47,31.47,31.47,31.47,0
1678638600000,31.47,31.47,31.47,31.47,0
1678638300000,32.2,32.2,31.47,31.47,2.593977
1678638000000,32.2,32.2,32.2,32.2,0
1678637700000,32.2,32.2,32.2,32.2,0
1678637400000,32.2,32.2,32.2,32.2,0
1678637100000,32.2,32.2,32.2,32.2,0
1678636800000,32.2,32.2,32.2,32.2,0
1678636500000,32.2,32.2,32.2,32.2,0
1678636200000,32.2,32.2,32.2,32.2,0
1678635900000,32.24,32.24,32.2,32.2,0.003812
1678635600000,32.24,32.24,32.24,32.24,0
1678635300000,32.24,32.24,32.24,32.24,0
1678635000000,32.06,32.24,32.06,32.24,8.372958
1678634700000,32.06,32.06,32.06,32.06,0
1678634400000,32.01,32.06,32.01,32.06,2.0184
1678634100000,32.01,32.01,32.01,32.01,0
1678633800000,32.01,32.01,32.01,32.01,0
1678633500000,32.01,32.01,32.01,32.01,0
1678633200000,32.01,32.01,32.01,32.01,0
1678632900000,32.01,32.01,32.01,32.01,0
1678632600000,32.01,32.01,32.01,32.01,0.02631
1678632300000,32.01,32.01,32.01,32.01,0
1678632000000,32.01,32.01,32.01,32.01,0
1678631700000,32.01,32.01,32.01,32.01,0
1678631400000,32.01,32.01,32.01,32.01,0
1678631100000,32.01,32.01,32.01,32.01,0
1678630800000,32.01,32.01,32.01,32.01,0
1678630500000,32.01,32.01,32.01,32.01,0
1678630200000,32.01,32.01,32.01,32.01,0
1678629900000,32.01,32.01,32.01,32.01,0
1678629600000,31.48,32.01,31.48,32.01,0.010934
1678629300000,31.48,31.48,31.48,31.48,0
1678629000000,31.48,31.48,31.48,31.48,0.002189
1678628700000,32.01,32.01,31.48,31.48,0.054731
1678628400000,32.01,32.01,32.01,32.01,0
1678628100000,32.01,32.01,32.01,32.01,0
1678627800000,32.01,32.01,32.01,32.01,0
1678627500000,32.01,32.01,32.01,32.01,0
1678627200000,32.01,32.01,32.01,32.01,0
1678626900000,32.01,32.01,32.01,32.01,0
1678626600000,32.01,32.01,32.01,32.01,0
1678626300000,32.01,32.01,32.01,32.01,0
1678626000000,32.01,32.01,32.01,32.01,0
1678625700000,32.01,32.01,32.01,32.01,0
1678625400000,32.01,32.01,32.01,32.01,0
1678625100000,32.01,32.01,32.01,32.01,0
1678624800000,31.57,32.01,31.57,32.01,0.002529
1678624500000,31.57,31.57,31.57,31.57,0
1678624200000,31.57,31.57,31.57,31.57,0
1678623900000,31.57,31.57,31.57,31.57,0
1678623600000,31.57,31.57,31.57,31.57,0
1678623300000,31.57,31.57,31.57,31.57,0
1678623000000,31.57,31.57,31.57,31.57,0
1678622700000,31.57,31.57,31.57,31.57,0
1678622400000,31.57,31.57,31.57,31.57,0
1678622100000,31.57,31.57,31.57,31.57,0
1678621800000,31.57,31.57,31.57,31.57,0
1678621500000,31.57,31.57,31.57,31.57,0
1678621200000,31.57,31.57,31.57,31.57,0
1678620900000,31.57,31.57,31.57,31.57,0
1678620600000,31.57,31.57,31.57,31.57,0
1678620300000,31.57,31.57,31.57,31.57,0
1678620000000,31.57,31.57,31.57,31.57,0
1678619700000,31.57,31.57,31.57,31.57,0
1678619400000,31.57,31.57,31.57,31.57,0
1678619100000,31.57,31.57,31.57,31.57,0
1678618800000,31.57,31.57,31.57,31.57,0
1678618500000,31.57,31.57,31.57,31.57,0
1678618200000,31.57,31.57,31.57,31.57,0
1678617900000,31.57,31.57,31.57,31.57,0
1678617600000,32.01,32.01,31.57,31.57,0.042301
1678617300000,32.01,32.01,32.01,32.01,0
1678617000000,32.01,32.01,32.01,32.01,0
1678616700000,32.01,32.01,32.01,32.01,0
1678616400000,32.01,32.01,32.01,32.01,0
1678616100000,32.01,32.01,32.01,32.01,0
1678615800000,32.01,32.01,32.01,32.01,0
1678615500000,32.01,32.01,32.01,32.01,0
1678615200000,32.01,32.01,32.01,32.01,0
1678614900000,32.01,32.01,32.01,32.01,0
1678614600000,32.01,32.01,32.01,32.01,0.007317
1678614300000,32.01,32.01,32.01,32.01,0
1678614000000,32.01,32.01,32.01,32.01,0
1678613700000,31.57,32.01,31.57,32.01,0.024427
1678613400000,31.57,31.57,31.57,31.57,0
1678613100000,31.57,31.57,31.57,31.57,0
1678612800000,31.57,31.57,31.57,31.57,0
1678612500000,31.57,31.57,31.57,31.57,0
1678612200000,31.57,31.57,31.57,31.57,0
1678611900000,31.57,31.57,31.57,31.57,0
1678611600000,31.57,31.57,31.57,31.57,0
1678611300000,31.57,31.57,31.57,31.57,0
1678611000000,31.57,31.57,31.57,31.57,0
1678610700000,31.57,31.57,31.57,31.57,0
1678610400000,31.57,31.57,31.57,31.57,0
1678610100000,31.57,31.57,31.57,31.57,0
1678609800000,31.57,31.57,31.57,31.57,0
1678609500000,31.57,31.57,31.57,31.57,0
1678609200000,31.57,31.57,31.57,31.57,0
1678608900000,31.57,31.57,31.57,31.57,0
1678608600000,31.57,31.57,31.57,31.57,0
1678608300000,31.57,31.57,31.57,31.57,0
1678608000000,31.57,31.57,31.57,31.57,0
1678607700000,31.57,31.57,31.57,31.57,0
1678607400000,31.57,31.57,31.57,31.57,0.006958
1678607100000,31.57,31.57,31.57,31.57,0
1678606800000,32.01,32.01,31.57,31.57,0.074175
1678606500000,32.01,32.01,32.01,32.01,0
1678606200000,32.01,32.01,32.01,32.01,0
1678605900000,32.01,32.01,32.01,32.01,0
1678605600000,32.01,32.01,32.01,32.01,0
1678605300000,32.01,32.01,32.01,32.01,0
1678605000000,31.42,32.01,31.42,32.01,1.557975
1678604700000,31.42,31.42,31.42,31.42,0
1678604400000,31.42,31.42,31.42,31.42,0
1678604100000,31.42,31.42,31.42,31.42,0
1678603800000,31.42,31.42,31.42,31.42,0
1678603500000,31.42,31.42,31.42,31.42,0
1678603200000,31.42,31.42,31.42,31.42,0.468
1678602900000,31.89,31.89,31.42,31.42,0.004614
1678602600000,31.89,31.89,31.89,31.89,0
1678602300000,31.89,31.89,31.89,31.89,0
1678602000000,31.89,31.89,31.89,31.89,0.913105
1678601700000,31.89,31.89,31.89,31.89,0
1678601400000,31.89,31.89,31.89,31.89,0
1678601100000,31.89,31.89,31.89,31.89,0
1678600800000,31.89,31.89,31.89,31.89,0
1678600500000,31.89,31.89,31.89,31.89,0
1678600200000,31.89,31.89,31.89,31.89,0.010825
1678599900000,31.89,31.89,31.89,31.89,0
1678599600000,31.89,31.89,31.89,31.89,0.074534
1678599300000,31.89,31.89,31.89,31.89,0
1678599000000,31.89,31.89,31.89,31.89,0
1678598700000,31.89,31.89,31.89,31.89,0
1678598400000,31.26,31.89,31.26,31.89,0.001536
1678598100000,31.26,31.26,31.26,31.26,0
1678597800000,31.26,31.26,31.26,31.26,0
1678597500000,31.26,31.26,31.26,31.26,0
1678597200000,31.26,31.26,31.26,31.26,0
1678596900000,31.26,31.26,31.26,31.26,0
1678596600000,31.26,31.26,31.26,31.26,0
1678596300000,31.26,31.26,31.26,31.26,0
1678596000000,31.26,31.26,31.26,31.26,0.009677
1678595700000,32.07,32.07,31.26,31.26,0.055231
1678595400000,32.07,32.07,32.07,32.07,0
1678595100000,32.07,32.07,32.07,32.07,0
1678594800000,32.05,32.07,32.05,32.07,7.638647
1678594500000,32.11,32.11,32.05,32.05,0.18653
1678594200000,32.11,32.11,32.11,32.11,0
1678593900000,32.11,32.11,32.11,32.11,0
1678593600000,31.72,32.11,31.72,32.11,61.034696
1678593300000,31.72,31.72,31.72,31.72,0
1678593000000,31.72,31.72,31.72,31.72,0
1678592700000,31.72,31.72,31.72,31.72,0.011213
1678592400000,31,31.72,31,31.72,0.039031
1678592100000,31,31,31,31,0
1678591800000,31.72,31.72,31,31,7.59879
1678591500000,31.72,31.72,31.72,31.72,0
1678591200000,31.72,31.72,31.72,31.72,0
1678590900000,31.72,31.72,31.72,31.72,0
1678590600000,31.72,31.72,31.72,31.72,0
1678590300000,31.22,31.72,31.22,31.72,0.804775
1678590000000,31.22,31.22,31.22,31.22,0
1678589700000,31.22,31.22,31.22,31.22,0
1678589400000,31.23,31.23,31.22,31.22,0.014414
1678589100000,31.23,31.23,31.23,31.23,0
1678588800000,31.23,31.23,31.23,31.23,0
1678588500000,31.55,31.55,31.23,31.23,0.051509
1678588200000,31.55,31.55,31.55,31.55,0
1678587900000,31.55,31.55,31.55,31.55,0
1678587600000,31.55,31.55,31.55,31.55,0.004469
1678587300000,31.55,31.55,31.55,31.55,0
1678587000000,31.55,31.55,31.55,31.55,0
1678586700000,31.55,31.55,31.55,31.55,0
1678586400000,31.55,31.55,31.55,31.55,0
1678586100000,31.55,31.55,31.55,31.55,0
1678585800000,31.55,31.55,31.55,31.55,0.006227
1678585500000,31.45,31.55,31.45,31.55,0.10305
1678585200000,31.45,31.45,31.45,31.45,0
1678584900000,31.45,31.45,31.45,31.45,0
1678584600000,31.45,31.45,31.45,31.45,0
1678584300000,31.45,31.45,31.45,31.45,0
1678584000000,31.45,31.45,31.45,31.45,0
1678583700000,31.99,32,31.45,31.45,3.179813
1678583400000,31.99,31.99,31.99,31.99,0
1678583100000,31.99,31.99,31.99,31.99,0
1678582800000,31.99,31.99,31.99,31.99,0
1678582500000,31.99,31.99,31.99,31.99,0
1678582200000,31.99,31.99,31.99,31.99,0
1678581900000,31.99,31.99,31.99,31.99,0
1678581600000,31.99,31.99,31.99,31.99,0
1678581300000,31.99,31.99,31.99,31.99,0
1678581000000,31.99,31.99,31.99,31.99,0
1678580700000,31.99,31.99,31.99,31.99,0
1678580400000,31.99,31.99,31.99,31.99,0
1678580100000,31.99,31.99,31.99,31.99,0
1678579800000,31.99,31.99,31.99,31.99,0
1678579500000,31.99,31.99,31.99,31.99,0
1678579200000,31.99,31.99,31.99,31.99,0
1678578900000,31.99,31.99,31.99,31.99,0
1678578600000,31.25,31.99,31.25,31.99,0.104017
1678578300000,31.25,31.25,31.25,31.25,0
1678578000000,31.89,31.89,31.2,31.25,10.640934
1678577700000,31.89,31.89,31.89,31.89,0
1678577400000,31.89,31.89,31.89,31.89,0
1678577100000,31.89,31.89,31.89,31.89,0
1678576800000,31.89,31.89,31.89,31.89,0
1678576500000,31.89,31.89,31.89,31.89,0
1678576200000,31.02,31.89,31.02,31.89,4.671538
1678575900000,31.02,31.02,31.02,31.02,0
1678575600000,31.02,31.02,31.02,31.02,0
1678575300000,31.02,31.02,31.02,31.02,0
1678575000000,31.02,31.02,31.02,31.02,0
1678574700000,32.13,32.13,31.02,31.02,0.019498
1678574400000,32.13,32.13,32.13,32.13,0
1678574100000,32.13,32.13,32.13,32.13,0
1678573800000,32.13,32.13,32.13,32.13,0
1678573500000,32.13,32.13,32.13,32.13,0
1678573200000,32.13,32.13,32.13,32.13,0
1678572900000,32.13,32.13,32.13,32.13,0
1678572600000,32.13,32.13,32.13,32.13,0
1678572300000,32.13,32.13,32.13,32.13,0
1678572000000,32.13,32.13,32.13,32.13,0.016872
1678571700000,31.22,32.13,31.22,32.13,0.042121
1678571400000,31.22,31.22,31.22,31.22,0
1678571100000,31.22,31.22,31.22,31.22,0
1678570800000,31.22,31.22,31.22,31.22,0
1678570500000,31.22,31.22,31.22,31.22,0.015292
1678570200000,31.22,31.22,31.22,31.22,0
1678569900000,31.22,31.22,31.22,31.22,0
1678569600000,31.22,31.22,31.22,31.22,0
1678569300000,31.22,31.22,31.22,31.22,0
1678569000000,31.22,31.22,31.22,31.22,0
1678568700000,31.22,31.22,31.22,31.22,0
1678568400000,31.22,31.22,31.22,31.22,0
1678568100000,31.22,31.22,31.22,31.22,0
1678567800000,31.22,31.22,31.22,31.22,0
1678567500000,31.22,31.22,31.22,31.22,0
1678567200000,31.11,31.22,31.11,31.22,0.010629
1678566900000,32.18,32.18,31.11,31.11,0.025682
1678566600000,32.18,32.18,32.18,32.18,0
1678566300000,32.18,32.18,32.18,32.18,0
1678566000000,32.18,32.18,32.18,32.18,0
1678565700000,32.18,32.18,32.18,32.18,0
1678565400000,32.18,32.18,32.18,32.18,0
1678565100000,32.02,32.18,32.02,32.18,0.278258
1678564800000,32.02,32.02,32.02,32.02,0
1678564500000,31.94,32.02,31.94,32.02,0.008519
1678564200000,31.94,31.94,31.94,31.94,0
1678563900000,31.94,31.94,31.94,31.94,0
1678563600000,31.89,31.94,31.89,31.94,0.025678
1678563300000,31.67,31.89,31.67,31.89,3.026833
1678563000000,31.67,31.67,31.67,31.67,0
1678562700000,31.67,31.67,31.67,31.67,0
1678562400000,31.67,31.67,31.67,31.67,0
1678562100000,31.67,31.67,31.67,31.67,0
1678561800000,31.67,31.67,31.67,31.67,0
1678561500000,31.67,31.67,31.67,31.67,0
1678561200000,31.3,31.67,31.24,31.67,3.383334
1678560900000,31.3,31.3,31.3,31.3,0
1678560600000,31.3,31.3,31.3,31.3,0
1678560300000,31.3,31.3,31.3,31.3,0
1678560000000,31.3,31.3,31.3,31.3,0.932334
1678559700000,31.3,31.3,31.3,31.3,0
1678559400000,32.01,32.01,31.3,31.3,16.472076
1678559100000,31.84,32.01,31.84,32.01,4.721074
1678558800000,31.84,31.84,31.84,31.84,0
1678558500000,31.84,31.84,31.84,31.84,0.073825
1678558200000,31.84,31.84,31.84,31.84,0
1678557900000,31.84,31.84,31.84,31.84,0
1678557600000,31.84,31.84,31.84,31.84,0.007588
1678557300000,31.84,31.84,31.84,31.84,0
1678557000000,31.84,31.84,31.84,31.84,0
1678556700000,31.84,31.84,31.84,31.84,0
1678556400000,31.3,31.84,31.3,31.84,0.111337
1678556100000,31.3,31.3,31.3,31.3,0
1678555800000,31.3,31.3,31.3,31.3,0
1678555500000,31.3,31.3,31.3,31.3,0
1678555200000,31.3,31.3,31.3,31.3,0
1678554900000,31.3,31.3,31.3,31.3,0
1678554600000,31.92,31.92,31.3,31.3,0.472506
1678554300000,31.92,31.92,31.92,31.92,0
1678554000000,31.92,31.92,31.92,31.92,0
1678553700000,31.92,31.92,31.92,31.92,0
1678553400000,31.92,31.92,31.92,31.92,0
1678553100000,31.92,31.92,31.92,31.92,0
1678552800000,31.92,31.92,31.92,31.92,0
1678552500000,31.92,31.92,31.92,31.92,0
1678552200000,31.92,31.92,31.92,31.92,0
1678551900000,31.92,31.92,31.92,31.92,0
1678551600000,31.92,31.92,31.92,31.92,0
1678551300000,31.92,31.92,31.92,31.92,0
1678551000000,31.92,31.92,31.92,31.92,0
1678550700000,31.92,31.92,31.92,31.92,0
1678550400000,31.92,31.92,31.92,31.92,0
1678550100000,31.92,31.92,31.92,31.92,0
1678549800000,32.53,32.53,31.92,31.92,0.008016
1678549500000,32.53,32.53,32.53,32.53,0
1678549200000,32.53,32.53,32.53,32.53,0
1678548900000,32.53,32.53,32.53,32.53,0
1678548600000,32.53,32.53,32.53,32.53,0
1678548300000,32.53,32.53,32.53,32.53,0
1678548000000,32.53,32.53,32.53,32.53,0
1678547700000,32.34,32.53,32.16,32.53,0.458715
1678547400000,31.89,32.34,31.89,32.34,2.984004
1678547100000,31.89,31.89,31.89,31.89,0
1678546800000,31.63,31.89,31.63,31.89,0.010975
1678546500000,32.32,32.32,31.63,31.63,0.87261
1678546200000,32.32,32.32,32.32,32.32,0
1678545900000,32.4,32.4,32.32,32.32,0.018362
1678545600000,32.4,32.4,32.4,32.4,0
1678545300000,32.4,32.4,32.4,32.4,0
1678545000000,32.4,32.4,32.4,32.4,0
1678544700000,32.4,32.4,32.4,32.4,0
1678544400000,32.4,32.4,32.4,32.4,0
1678544100000,32.22,32.4,32.22,32.4,2.978507
1678543800000,32.22,32.22,32.22,32.22,0
1678543500000,32.22,32.22,32.22,32.22,0
1678543200000,32.22,32.22,32.22,32.22,0
1678542900000,32.22,32.22,32.22,32.22,0
1678542600000,30.8,32.22,30.72,32.22,0.283588
1678542300000,30.8,30.8,30.8,30.8,0
1678542000000,32.15,32.15,30.7,30.8,1.512827
1678541700000,32.15,32.15,32.15,32.15,0
1678541400000,32.15,32.15,32.15,32.15,0
1678541100000,32.15,32.15,32.15,32.15,0
1678540800000,32.04,32.15,32.04,32.15,0.57271
1678540500000,32.04,32.04,32.04,32.04,0
1678540200000,32.04,32.04,32.04,32.04,0
1678539900000,32.19,32.19,32.04,32.04,0.016028
1678539600000,32.19,32.19,32.19,32.19,0
1678539300000,30.65,32.19,30.65,32.19,15.220951
1678539000000,30.65,30.65,30.65,30.65,0
1678538700000,30.65,30.65,30.65,30.65,0
1678538400000,30.65,30.65,30.65,30.65,0
1678538100000,31.04,31.04,30.65,30.65,1.879266
1678537800000,31.04,31.04,31.04,31.04,0
1678537500000,30.86,31.04,30.86,31.04,3.495883
1678537200000,30.86,30.86,30.86,30.86,0
1678536900000,30.86,30.86,30.86,30.86,0
1678536600000,30.86,30.86,30.86,30.86,0
1678536300000,31.66,31.66,30.86,30.86,0.868739
1678536000000,31.66,31.66,31.66,31.66,0
1678535700000,31.66,31.66,31.66,31.66,0
1678535400000,31.66,31.66,31.66,31.66,0
1678535100000,31.66,31.66,31.66,31.66,0
1678534800000,31.66,31.66,31.66,31.66,0
1678534500000,31.66,31.66,31.66,31.66,0
1678534200000,31.66,31.66,31.66,31.66,0
1678533900000,31.66,31.66,31.66,31.66,0
1678533600000,31.66,31.66,31.66,31.66,0
1678533300000,31.66,31.66,31.66,31.66,0
1678533000000,31.66,31.66,31.66,31.66,0
1678532700000,31.66,31.66,31.66,31.66,0
1678532400000,31.66,31.66,31.66,31.66,0
1678532100000,31.66,31.66,31.66,31.66,0
1678531800000,31.66,31.66,31.66,31.66,0
1678531500000,31.66,31.66,31.66,31.66,0
1678531200000,31.66,31.66,31.66,31.66,0
1678530900000,31.66,31.66,31.66,31.66,0
1678530600000,31.66,31.66,31.66,31.66,0
1678530300000,31.43,31.66,31.43,31.66,6.191389
1678530000000,31.43,31.43,31.43,31.43,0
1678529700000,31.43,31.43,31.43,31.43,0
1678529400000,31.43,31.43,31.43,31.43,0
1678529100000,31.64,31.64,31.43,31.43,0.381792
1678528800000,31.64,31.64,31.64,31.64,0.013821
1678528500000,31.64,31.64,31.64,31.64,0
1678528200000,31.64,31.64,31.64,31.64,0
1678527900000,30.42,31.64,30.42,31.64,1.557712
1678527600000,30.42,30.42,30.42,30.42,0
1678527300000,30.42,30.42,30.42,30.42,0
1678527000000,30.42,30.42,30.42,30.42,0
1678526700000,30.42,30.42,30.42,30.42,0
1678526400000,30.42,30.42,30.42,30.42,0
1678526100000,30.42,30.42,30.42,30.42,0
1678525800000,30.42,30.42,30.42,30.42,0
1678525500000,31.46,31.46,30.42,30.42,3.555712
1678525200000,31.46,31.46,31.46,31.46,0
1678524900000,31.46,31.46,31.46,31.46,0
1678524600000,31.46,31.46,31.46,31.46,0
1678524300000,31.52,31.52,31.46,31.46,0.091113
1678524000000,31.52,31.52,31.52,31.52,0
1678523700000,31.52,31.52,31.52,31.52,0
1678523400000,31.52,31.52,31.52,31.52,0
1678523100000,31.52,31.52,31.52,31.52,0
1678522800000,31.52,31.52,31.52,31.52,0
1678522500000,31.52,31.52,31.52,31.52,0
1678522200000,31.52,31.52,31.52,31.52,0
1678521900000,31.52,31.52,31.52,31.52,0
1678521600000,31.52,31.52,31.52,31.52,0
1678521300000,31.52,31.52,31.52,31.52,0
1678521000000,31.52,31.52,31.52,31.52,0
1678520700000,31.52,31.52,31.52,31.52,0
1678520400000,31.68,31.68,31.52,31.52,3
1678520100000,31.68,31.68,31.68,31.68,0.506313
1678519800000,31.99,31.99,31.68,31.68,3.036669
1678519500000,32.22,32.22,31.99,31.99,2.460265
1678519200000,32.23,32.23,32.22,32.22,0.790729
1678518900000,32.23,32.23,32.23,32.23,0
1678518600000,32.22,32.23,32.22,32.23,0.779289
1678518300000,31.96,32.22,31.96,32.22,0.793232
1678518000000,31.96,31.96,31.96,31.96,0
1678517700000,31.96,31.96,31.96,31.96,0
1678517400000,31.96,31.96,31.96,31.96,0
1678517100000,31.96,31.96,31.96,31.96,0
1678516800000,31.96,31.96,31.96,31.96,0.002329
1678516500000,32.07,32.07,31.96,31.96,0.468
1678516200000,32.07,32.07,32.07,32.07,0
1678515900000,32.07,32.07,32.07,32.07,0
1678515600000,32.07,32.07,32.07,32.07,0
1678515300000,32.07,32.07,32.07,32.07,0
1678515000000,32.07,32.07,32.07,32.07,0
1678514700000,32.07,32.07,32.07,32.07,0
1678514400000,32.07,32.07,32.07,32.07,0
1678514100000,32.07,32.07,32.07,32.07,0
1678513800000,32.09,32.09,32.07,32.07,0.006044
1678513500000,32.09,32.09,32.09,32.09,0
1678513200000,32.11,32.11,32.09,32.09,0.001096
1678512900000,32.11,32.11,32.11,32.11,0
1678512600000,32.09,32.11,31.97,32.11,6.502884
1678512300000,32.09,32.09,32.09,32.09,0
1678512000000,32.09,32.09,32.09,32.09,0
1678511700000,32.09,32.09,32.09,32.09,0
1678511400000,32.09,32.09,32.09,32.09,0