1679116380000,2.899,2.899,2.899,2.899,0
1679116320000,2.899,2.899,2.899,2.899,0
1679116260000,2.899,2.899,2.899,2.899,0
1679116200000,2.899,2.899,2.899,2.899,0
1679116140000,2.924,2.924,2.899,2.899,5.72077
1679116080000,2.924,2.924,2.924,2.924,0
1679116020000,2.924,2.924,2.924,2.924,0
1679115960000,2.924,2.924,2.924,2.924,0
1679115900000,2.924,2.924,2.924,2.924,0
1679115840000,2.924,2.924,2.924,2.924,0
1679115780000,2.924,2.924,2.924,2.924,0
1679115720000,2.899,2.924,2.899,2.924,108.498468
1679115660000,2.899,2.899,2.899,2.899,0.208232
1679115600000,2.899,2.899,2.899,2.899,0
1679115540000,2.905,2.905,2.899,2.899,5.72077
1679115480000,2.905,2.905,2.905,2.905,0
1679115420000,2.905,2.905,2.905,2.905,0
1679115360000,2.905,2.905,2.905,2.905,0
1679115300000,2.903,2.905,2.903,2.905,56.615935
1679115240000,2.93,2.93,2.903,2.903,0.141974
1679115180000,2.93,2.93,2.93,2.93,0
1679115120000,2.93,2.93,2.93,2.93,0
1679115060000,2.93,2.93,2.93,2.93,0
1679115000000,2.93,2.93,2.93,2.93,0
1679114940000,2.93,2.93,2.93,2.93,0
1679114880000,2.93,2.93,2.93,2.93,0
1679114820000,2.93,2.93,2.93,2.93,0
1679114760000,2.93,2.93,2.93,2.93,0
1679114700000,2.93,2.93,2.93,2.93,0
1679114640000,2.93,2.93,2.93,2.93,0
1679114580000,2.93,2.93,2.93,2.93,0
1679114520000,2.93,2.93,2.93,2.93,0
1679114460000,2.93,2.93,2.93,2.93,0
1679114400000,2.93,2.93,2.93,2.93,0
1679114340000,2.93,2.93,2.93,2.93,0
1679114280000,2.93,2.93,2.93,2.93,0
1679114220000,2.93,2.93,2.93,2.93,0
1679114160000,2.93,2.93,2.93,2.93,0
1679114100000,2.93,2.93,2.93,2.93,0
1679114040000,2.93,2.93,2.93,2.93,0
1679113980000,2.93,2.93,2.93,2.93,160.094539
1679113920000,2.93,2.93,2.93,2.93,0
1679113860000,2.93,2.93,2.93,2.93,0
1679113800000,2.93,2.93,2.93,2.93,0
1679113740000,2.929,2.93,2.929,2.93,0.165415
1679113680000,2.919,2.929,2.919,2.929,0.099376
1679113620000,2.919,2.919,2.919,2.919,0
1679113560000,2.919,2.919,2.919,2.919,0
1679113500000,2.919,2.919,2.919,2.919,0
1679113440000,2.919,2.919,2.919,2.919,0
1679113380000,2.919,2.919,2.919,2.919,0
1679113320000,2.919,2.919,2.919,2.919,0
1679113260000,2.919,2.919,2.919,2.919,0
1679113200000,2.899,2.919,2.899,2.919,5.71505
1679113140000,2.899,2.899,2.899,2.899,0
1679113080000,2.899,2.899,2.899,2.899,0
1679113020000,2.899,2.899,2.899,2.899,0
1679112960000,2.928,2.928,2.899,2.899,5.72077
1679112900000,2.928,2.928,2.928,2.928,0
1679112840000,2.928,2.928,2.928,2.928,0
1679112780000,2.943,2.943,2.928,2.928,5.664109
1679112720000,2.963,2.963,2.943,2.943,5.63524
1679112660000,2.963,2.963,2.963,2.963,0
1679112600000,2.963,2.963,2.963,2.963,0
1679112540000,2.948,2.963,2.948,2.963,4.659287
1679112480000,2.948,2.948,2.948,2.948,0
1679112420000,2.948,2.948,2.948,2.948,0
1679112360000,2.919,2.948,2.919,2.948,0.789624
1679112300000,2.919,2.919,2.919,2.919,0
1679112240000,2.905,2.919,2.905,2.919,5.715049
1679112180000,2.896,2.905,2.896,2.905,5.673825
1679112120000,2.884,2.896,2.884,2.896,1762.010533
1679112060000,2.884,2.884,2.884,2.884,0
1679112000000,2.884,2.884,2.884,2.884,0
1679111940000,2.884,2.884,2.884,2.884,0
1679111880000,2.884,2.884,2.884,2.884,0
1679111820000,2.878,2.884,2.878,2.884,0.076104
1679111760000,2.878,2.878,2.878,2.878,0
1679111700000,2.896,2.896,2.878,2.878,11
1679111640000,2.896,2.896,2.896,2.896,0
1679111580000,2.896,2.896,2.896,2.896,0
1679111520000,2.896,2.896,2.896,2.896,0
1679111460000,2.896,2.896,2.896,2.896,0
1679111400000,2.896,2.896,2.896,2.896,0
1679111340000,2.896,2.896,2.896,2.896,0
1679111280000,2.896,2.896,2.896,2.896,0
1679111220000,2.896,2.896,2.896,2.896,0
1679111160000,2.896,2.896,2.896,2.896,0
1679111100000,2.896,2.896,2.896,2.896,0
1679111040000,2.896,2.896,2.896,2.896,0
1679110980000,2.896,2.896,2.896,2.896,0
1679110920000,2.896,2.896,2.896,2.896,0
1679110860000,2.89,2.896,2.89,2.896,237.989467
1679110800000,2.89,2.89,2.89,2.89,0
1679110740000,2.89,2.89,2.89,2.89,0
1679110680000,2.89,2.89,2.89,2.89,0
1679110620000,2.89,2.89,2.89,2.89,0
1679110560000,2.89,2.89,2.89,2.89,0
1679110500000,2.894,2.894,2.89,2.89,987.587424
1679110440000,2.894,2.894,2.894,2.894,0
1679110380000,2.9,2.902,2.894,2.894,646.364366
1679110320000,2.9,2.9,2.9,2.9,0
1679110260000,2.904,2.904,2.9,2.9,0.07787
1679110200000,2.904,2.904,2.904,2.904,0
1679110140000,2.905,2.905,2.904,2.904,248.43291
1679110080000,2.89,2.905,2.89,2.905,0.068958
1679110020000,2.89,2.89,2.89,2.89,0
1679109960000,2.89,2.89,2.89,2.89,0
1679109900000,2.875,2.89,2.875,2.89,5.772797
1679109840000,2.875,2.875,2.875,2.875,0
1679109780000,2.875,2.875,2.875,2.875,0
1679109720000,2.856,2.875,2.856,2.875,5.801096
1679109660000,2.856,2.856,2.856,2.856,0
1679109600000,2.856,2.856,2.856,2.856,0
1679109540000,2.856,2.856,2.856,2.856,0
1679109480000,2.856,2.856,2.856,2.856,0
1679109420000,2.856,2.856,2.856,2.856,0
1679109360000,2.856,2.856,2.856,2.856,0
1679109300000,2.856,2.856,2.856,2.856,0
1679109240000,2.856,2.856,2.856,2.856,0
1679109180000,2.856,2.856,2.856,2.856,0
1679109120000,2.856,2.856,2.856,2.856,0
1679109060000,2.865,2.865,2.856,2.856,5.806902
1679109000000,2.87,2.87,2.865,2.865,0.106884
1679108940000,2.87,2.87,2.87,2.87,0
1679108880000,2.87,2.87,2.87,2.87,0
1679108820000,2.87,2.87,2.87,2.87,0
1679108760000,2.87,2.87,2.87,2.87,0
1679108700000,2.87,2.87,2.87,2.87,0
1679108640000,2.87,2.87,2.87,2.87,0
1679108580000,2.87,2.87,2.87,2.87,0
1679108520000,2.87,2.87,2.87,2.87,0
1679108460000,2.87,2.87,2.87,2.87,0
1679108400000,2.87,2.87,2.87,2.87,0.212259
1679108340000,2.87,2.87,2.87,2.87,0
1679108280000,2.87,2.87,2.87,2.87,0
1679108220000,2.87,2.87,2.87,2.87,0
1679108160000,2.87,2.87,2.87,2.87,0
1679108100000,2.87,2.87,2.87,2.87,0
1679108040000,2.87,2.87,2.87,2.87,0
1679107980000,2.87,2.87,2.87,2.87,0
1679107920000,2.87,2.87,2.87,2.87,0
1679107860000,2.87,2.87,2.87,2.87,0
1679107800000,2.87,2.87,2.87,2.87,0
1679107740000,2.87,2.87,2.87,2.87,0
1679107680000,2.899,2.899,2.87,2.87,12.317076
1679107620000,2.899,2.899,2.899,2.899,0
1679107560000,2.899,2.899,2.899,2.899,0
1679107500000,2.899,2.899,2.899,2.899,0
1679107440000,2.921,2.921,2.899,2.899,5.72077
1679107380000,2.921,2.921,2.921,2.921,0
1679107320000,2.921,2.921,2.921,2.921,0
1679107260000,2.921,2.921,2.921,2.921,0
1679107200000,2.921,2.921,2.921,2.921,0
1679107140000,2.921,2.921,2.921,2.921,0
1679107080000,2.921,2.921,2.921,2.921,0
1679107020000,2.921,2.921,2.921,2.921,0
1679106960000,2.921,2.921,2.921,2.921,0
1679106900000,2.921,2.921,2.921,2.921,0
1679106840000,2.921,2.921,2.921,2.921,0
1679106780000,2.921,2.921,2.921,2.921,0
1679106720000,2.921,2.921,2.921,2.921,0
1679106660000,2.921,2.921,2.921,2.921,0
1679106600000,2.921,2.921,2.921,2.921,0
1679106540000,2.948,2.948,2.921,2.921,0.056827
1679106480000,2.948,2.948,2.948,2.948,0
1679106420000,2.948,2.948,2.948,2.948,0
1679106360000,2.926,2.948,2.926,2.948,5.658
1679106300000,2.926,2.926,2.926,2.926,0
1679106240000,2.919,2.926,2.919,2.926,0.78918
1679106180000,2.89,2.919,2.89,2.919,11.457832
1679106120000,2.89,2.89,2.89,2.89,0
1679106060000,2.89,2.89,2.89,2.89,0
1679106000000,2.875,2.89,2.875,2.89,5.772797
1679105940000,2.871,2.875,2.871,2.875,0.000096
1679105880000,2.871,2.871,2.871,2.871,0
1679105820000,2.871,2.871,2.871,2.871,0
1679105760000,2.871,2.871,2.871,2.871,0
1679105700000,2.871,2.871,2.871,2.871,0
1679105640000,2.861,2.871,2.861,2.871,0.178886
1679105580000,2.861,2.861,2.861,2.861,0
1679105520000,2.842,2.861,2.842,2.861,5.829671
1679105460000,2.842,2.842,2.842,2.842,0
1679105400000,2.842,2.842,2.842,2.842,0
1679105340000,2.842,2.842,2.842,2.842,0
1679105280000,2.875,2.875,2.842,2.842,5.835507
1679105220000,2.875,2.875,2.875,2.875,0
1679105160000,2.875,2.875,2.875,2.875,0
1679105100000,2.875,2.875,2.875,2.875,0
1679105040000,2.875,2.875,2.875,2.875,0
1679104980000,2.864,2.875,2.864,2.875,5.801
1679104920000,2.864,2.864,2.864,2.864,0
1679104860000,2.867,2.87,2.864,2.864,370.969229
1679104800000,2.858,2.869,2.855,2.867,1496.012211
1679104740000,2.862,2.868,2.856,2.858,1203.591057
1679104680000,2.857,2.862,2.857,2.862,0.201451
1679104620000,2.857,2.857,2.857,2.857,0
1679104560000,2.857,2.857,2.857,2.857,0
1679104500000,2.857,2.857,2.857,2.857,0
1679104440000,2.857,2.857,2.857,2.857,0
1679104380000,2.857,2.857,2.857,2.857,0
1679104320000,2.9,2.9,2.857,2.857,8906.77
1679104260000,2.963,2.963,2.9,2.9,2394.1718
1679104200000,2.963,2.963,2.963,2.963,0
1679104140000,2.963,2.963,2.963,2.963,0
1679104080000,2.963,2.963,2.963,2.963,0
1679104020000,2.963,2.963,2.963,2.963,0
1679103960000,2.963,2.963,2.963,2.963,0
1679103900000,2.963,2.963,2.963,2.963,0
1679103840000,2.963,2.963,2.963,2.963,0
1679103780000,2.963,2.963,2.963,2.963,0
1679103720000,2.963,2.963,2.963,2.963,0
1679103660000,2.963,2.963,2.963,2.963,0
1679103600000,2.963,2.963,2.963,2.963,0
1679103540000,2.963,2.963,2.963,2.963,0
1679103480000,2.963,2.963,2.963,2.963,0
1679103420000,2.963,2.963,2.963,2.963,0
1679103360000,2.963,2.963,2.963,2.963,0
1679103300000,2.963,2.963,2.963,2.963,0
1679103240000,2.9,2.963,2.9,2.963,6.628762
1679103180000,2.9,2.9,2.9,2.9,0
1679103120000,2.9,2.9,2.9,2.9,0
1679103060000,2.9,2.9,2.9,2.9,0
1679103000000,2.9,2.9,2.9,2.9,0
1679102940000,2.9,2.9,2.9,2.9,0
1679102880000,2.9,2.9,2.9,2.9,0
1679102820000,2.9,2.9,2.9,2.9,0
1679102760000,2.9,2.9,2.9,2.9,0
1679102700000,2.9,2.9,2.9,2.9,0
1679102640000,2.9,2.9,2.9,2.9,0
1679102580000,2.9,2.9,2.9,2.9,0
1679102520000,2.9,2.9,2.9,2.9,0
1679102460000,2.9,2.9,2.9,2.9,0
1679102400000,2.9,2.9,2.9,2.9,0
1679102340000,2.9,2.9,2.9,2.9,0
1679102280000,2.977,2.977,2.9,2.9,64.140362
1679102220000,2.977,2.977,2.977,2.977,0
1679102160000,2.977,2.977,2.977,2.977,0
1679102100000,2.977,2.977,2.977,2.977,0
1679102040000,2.885,2.977,2.885,2.977,16.046122
1679101980000,2.885,2.885,2.885,2.885,0
1679101920000,2.885,2.885,2.885,2.885,0
1679101860000,2.885,2.885,2.885,2.885,0
1679101800000,2.885,2.885,2.885,2.885,0
1679101740000,2.885,2.885,2.885,2.885,0
1679101680000,2.885,2.885,2.885,2.885,0
1679101620000,2.885,2.885,2.885,2.885,0
1679101560000,2.885,2.885,2.885,2.885,0
1679101500000,2.899,2.899,2.885,2.885,0.737947
1679101440000,2.899,2.899,2.899,2.899,0
1679101380000,2.899,2.899,2.899,2.899,0
1679101320000,2.899,2.899,2.899,2.899,0
1679101260000,2.899,2.899,2.899,2.899,0
1679101200000,2.899,2.899,2.899,2.899,0
1679101140000,2.899,2.899,2.899,2.899,0
1679101080000,2.899,2.899,2.899,2.899,0
1679101020000,2.899,2.947,2.899,2.899,5.971719
1679100960000,2.89,2.963,2.89,2.899,69.804471
1679100900000,2.875,2.89,2.875,2.89,5.47
1679100840000,2.875,2.875,2.875,2.875,0
1679100780000,2.875,2.875,2.875,2.875,0
1679100720000,2.875,2.875,2.875,2.875,0
1679100660000,2.875,2.875,2.875,2.875,0
1679100600000,2.875,2.875,2.875,2.875,0.000095
1679100540000,2.875,2.875,2.875,2.875,0
1679100480000,2.857,2.875,2.857,2.875,5.801
1679100420000,2.857,2.857,2.857,2.857,0
1679100360000,2.857,2.857,2.857,2.857,0
1679100300000,2.857,2.857,2.857,2.857,0
1679100240000,2.857,2.857,2.857,2.857,0
1679100180000,2.857,2.857,2.857,2.857,0
1679100120000,2.857,2.857,2.857,2.857,0
1679100060000,2.857,2.857,2.857,2.857,0
1679100000000,2.857,2.857,2.857,2.857,0
1679099940000,2.857,2.857,2.857,2.857,0
1679099880000,2.857,2.857,2.857,2.857,0
1679099820000,2.857,2.857,2.857,2.857,0
1679099760000,2.857,2.857,2.857,2.857,0
1679099700000,2.857,2.857,2.857,2.857,0
1679099640000,2.857,2.857,2.857,2.857,0
1679099580000,2.857,2.857,2.857,2.857,0
1679099520000,2.857,2.857,2.857,2.857,0
1679099460000,2.847,2.857,2.847,2.857,0.205722
1679099400000,2.89,2.89,2.847,2.847,62.998179
1679099340000,2.856,2.89,2.856,2.89,0.302457
1679099280000,2.856,2.856,2.856,2.856,0
1679099220000,2.856,2.856,2.856,2.856,0
1679099160000,2.856,2.856,2.856,2.856,0
1679099100000,2.856,2.856,2.856,2.856,0
1679099040000,2.856,2.856,2.856,2.856,0
1679098980000,2.856,2.856,2.856,2.856,0
1679098920000,2.856,2.856,2.856,2.856,0
1679098860000,2.856,2.856,2.856,2.856,0
1679098800000,2.856,2.856,2.856,2.856,0
1679098740000,2.856,2.856,2.856,2.856,1.079337
1679098680000,2.87,2.87,2.856,2.856,3.727572
1679098620000,2.885,2.885,2.87,2.87,6.568545
1679098560000,2.899,2.899,2.885,2.885,5.748531
1679098500000,2.948,2.948,2.899,2.899,5.72077
1679098440000,2.948,2.948,2.948,2.948,0
1679098380000,2.948,2.948,2.948,2.948,0
1679098320000,2.948,2.948,2.948,2.948,0
1679098260000,2.948,2.948,2.948,2.948,0
1679098200000,2.948,2.948,2.948,2.948,0
1679098140000,2.937,2.948,2.937,2.948,5.658
1679098080000,2.937,2.937,2.937,2.937,0
1679098020000,2.937,2.937,2.937,2.937,0
1679097960000,2.937,2.937,2.937,2.937,0
1679097900000,2.937,2.937,2.937,2.937,0
1679097840000,2.922,2.937,2.922,2.937,2.042133
1679097780000,2.922,2.922,2.922,2.922,0
1679097720000,2.977,2.977,2.922,2.922,12.077422
1679097660000,2.977,2.977,2.977,2.977,0
1679097600000,2.861,2.977,2.861,2.977,690.912432
1679097540000,2.861,2.861,2.861,2.861,0
1679097480000,2.861,2.861,2.861,2.861,0
1679097420000,2.861,2.861,2.861,2.861,0
1679097360000,2.861,2.861,2.861,2.861,0
1679097300000,2.861,2.861,2.861,2.861,0
1679097240000,2.861,2.861,2.861,2.861,0
1679097180000,2.861,2.861,2.861,2.861,0
1679097120000,2.861,2.861,2.861,2.861,0
1679097060000,2.849,2.861,2.849,2.861,0.461796
1679097000000,2.928,2.928,2.849,2.849,62.998178
1679096940000,2.928,2.928,2.928,2.928,0
1679096880000,2.928,2.928,2.928,2.928,0
1679096820000,2.928,2.928,2.928,2.928,0
1679096760000,2.928,2.928,2.928,2.928,0
1679096700000,2.928,2.928,2.928,2.928,0
1679096640000,2.928,2.928,2.928,2.928,0
1679096580000,2.928,2.928,2.928,2.928,0
1679096520000,2.928,2.928,2.928,2.928,0
1679096460000,2.928,2.928,2.928,2.928,0
1679096400000,2.928,2.928,2.928,2.928,0
1679096340000,2.928,2.928,2.928,2.928,0
1679096280000,2.928,2.928,2.928,2.928,0
1679096220000,2.928,2.928,2.928,2.928,2.4
1679096160000,2.928,2.928,2.928,2.928,0
1679096100000,2.928,2.928,2.928,2.928,0
1679096040000,2.928,2.928,2.928,2.928,0
1679095980000,2.928,2.928,2.928,2.928,0
1679095920000,2.928,2.928,2.928,2.928,0
1679095860000,2.928,2.928,2.928,2.928,0.03422
1679095800000,2.928,2.928,2.928,2.928,0
1679095740000,2.928,2.928,2.928,2.928,0.585241
1679095680000,2.95,2.95,2.928,2.928,0.427371
1679095620000,2.95,2.95,2.95,2.95,0
1679095560000,2.95,2.95,2.95,2.95,1.708116
1679095500000,2.95,2.95,2.95,2.95,0
1679095440000,2.95,2.95,2.95,2.95,0
1679095380000,2.95,2.95,2.95,2.95,0
1679095320000,2.95,2.95,2.95,2.95,0
1679095260000,2.919,2.95,2.919,2.95,32.718381
1679095200000,2.919,2.919,2.919,2.919,0
1679095140000,2.919,2.919,2.919,2.919,0
1679095080000,2.919,2.919,2.919,2.919,0
1679095020000,2.919,2.919,2.919,2.919,0
1679094960000,2.885,2.919,2.885,2.919,0.064956
1679094900000,2.885,2.885,2.885,2.885,0
1679094840000,2.885,2.885,2.885,2.885,0
1679094780000,2.885,2.885,2.885,2.885,0
1679094720000,2.885,2.885,2.885,2.885,0
1679094660000,2.885,2.885,2.885,2.885,0
1679094600000,2.885,2.885,2.885,2.885,0
1679094540000,2.885,2.885,2.885,2.885,0
1679094480000,2.885,2.885,2.885,2.885,0
1679094420000,2.885,2.885,2.885,2.885,0
1679094360000,2.885,2.885,2.885,2.885,0
1679094300000,2.885,2.885,2.885,2.885,0
1679094240000,2.885,2.885,2.885,2.885,0
1679094180000,2.885,2.885,2.885,2.885,0
1679094120000,2.885,2.885,2.885,2.885,0
1679094060000,2.885,2.885,2.885,2.885,0
1679094000000,2.801,2.885,2.801,2.885,0.030747
1679093940000,2.814,2.919,2.801,2.801,50.232322
1679093880000,2.814,2.814,2.814,2.814,0
1679093820000,2.814,2.814,2.814,2.814,0.637792
1679093760000,2.844,2.844,2.814,2.814,5.490825
1679093700000,2.844,2.844,2.844,2.844,0
1679093640000,2.839,2.844,2.836,2.844,44.208144
1679093580000,2.819,2.839,2.819,2.839,6.244022
1679093520000,2.805,2.819,2.805,2.819,5.917116
1679093460000,2.791,2.805,2.791,2.805,5.946852
1679093400000,2.778,2.791,2.778,2.791,5.976887
1679093340000,2.778,2.778,2.778,2.778,0
1679093280000,2.759,2.778,2.759,2.778,6.005047
1679093220000,2.759,2.759,2.759,2.759,0
1679093160000,2.759,2.759,2.759,2.759,0
1679093100000,2.759,2.759,2.759,2.759,0
1679093040000,2.759,2.759,2.759,2.759,0
1679092980000,2.759,2.759,2.759,2.759,0
1679092920000,2.759,2.759,2.759,2.759,0
1679092860000,2.759,2.759,2.759,2.759,0
1679092800000,2.759,2.759,2.759,2.759,0
1679092740000,2.759,2.759,2.759,2.759,0
1679092680000,2.759,2.759,2.759,2.759,0
1679092620000,2.759,2.759,2.759,2.759,0
1679092560000,2.759,2.759,2.759,2.759,0
1679092500000,2.759,2.759,2.759,2.759,0
1679092440000,2.759,2.759,2.759,2.759,0
1679092380000,2.759,2.759,2.759,2.759,0
1679092320000,2.78,2.78,2.759,2.759,11.012999
1679092260000,2.78,2.78,2.78,2.78,0
1679092200000,2.78,2.78,2.78,2.78,0
1679092140000,2.777,2.78,2.777,2.78,0.216027
1679092080000,2.782,2.782,2.777,2.777,0.156637
1679092020000,2.786,2.79,2.782,2.782,34.321374
1679091960000,2.786,2.786,2.786,2.786,0
1679091900000,2.786,2.786,2.786,2.786,0
1679091840000,2.786,2.786,2.786,2.786,0
1679091780000,2.786,2.786,2.786,2.786,0
1679091720000,2.786,2.786,2.786,2.786,0
1679091660000,2.786,2.786,2.786,2.786,0
1679091600000,2.786,2.786,2.786,2.786,0
1679091540000,2.786,2.786,2.786,2.786,0
1679091480000,2.786,2.786,2.786,2.786,0
1679091420000,2.786,2.786,2.786,2.786,0
1679091360000,2.786,2.786,2.786,2.786,0
1679091300000,2.786,2.786,2.786,2.786,0
1679091240000,2.8,2.8,2.786,2.786,1.127521
1679091180000,2.8,2.8,2.8,2.8,0
1679091120000,2.827,2.827,2.8,2.8,5.92304
1679091060000,2.827,2.827,2.827,2.827,0
1679091000000,2.827,2.827,2.827,2.827,0
1679090940000,2.827,2.827,2.827,2.827,0
1679090880000,2.806,2.827,2.806,2.827,346.289752
1679090820000,2.806,2.806,2.806,2.806,0
1679090760000,2.806,2.806,2.806,2.806,0
1679090700000,2.787,2.806,2.787,2.806,38.961526
1679090640000,2.787,2.787,2.787,2.787,0
1679090580000,2.787,2.787,2.787,2.787,0
1679090520000,2.787,2.787,2.787,2.787,0
1679090460000,2.787,2.787,2.787,2.787,0
1679090400000,2.787,2.787,2.787,2.787,0
1679090340000,2.805,2.805,2.787,2.787,30
1679090280000,2.805,2.805,2.805,2.805,0
1679090220000,2.805,2.805,2.805,2.805,0
1679090160000,2.805,2.805,2.805,2.805,0
1679090100000,2.805,2.805,2.805,2.805,0
1679090040000,2.805,2.805,2.805,2.805,0
1679089980000,2.805,2.805,2.805,2.805,0
1679089920000,2.805,2.805,2.805,2.805,0
1679089860000,2.805,2.805,2.805,2.805,0
1679089800000,2.805,2.805,2.805,2.805,0
1679089740000,2.805,2.805,2.805,2.805,0
1679089680000,2.805,2.805,2.805,2.805,0
1679089620000,2.805,2.805,2.805,2.805,0
1679089560000,2.805,2.805,2.805,2.805,0
1679089500000,2.805,2.805,2.805,2.805,0
1679089440000,2.772,2.805,2.772,2.805,332.694465
1679089380000,2.772,2.772,2.772,2.772,0
1679089320000,2.772,2.772,2.772,2.772,0
1679089260000,2.772,2.772,2.772,2.772,0
1679089200000,2.772,2.772,2.772,2.772,0
1679089140000,2.772,2.772,2.772,2.772,0
1679089080000,2.772,2.772,2.772,2.772,0
1679089020000,2.772,2.772,2.772,2.772,0
1679088960000,2.772,2.772,2.772,2.772,0
1679088900000,2.772,2.772,2.772,2.772,0
1679088840000,2.772,2.772,2.772,2.772,0
1679088780000,2.772,2.772,2.772,2.772,0
1679088720000,2.772,2.772,2.772,2.772,0
1679088660000,2.772,2.772,2.772,2.772,0
1679088600000,2.772,2.772,2.772,2.772,0
1679088540000,2.772,2.772,2.772,2.772,0
1679088480000,2.772,2.772,2.772,2.772,0
1679088420000,2.772,2.772,2.772,2.772,0
1679088360000,2.772,2.772,2.772,2.772,0
1679088300000,2.772,2.772,2.772,2.772,0
1679088240000,2.772,2.772,2.772,2.772,0
1679088180000,2.772,2.772,2.772,2.772,0
1679088120000,2.772,2.772,2.772,2.772,0
1679088060000,2.772,2.772,2.772,2.772,0
1679088000000,2.772,2.772,2.772,2.772,0
1679087940000,2.772,2.772,2.772,2.772,0
1679087880000,2.772,2.772,2.772,2.772,0
1679087820000,2.772,2.772,2.772,2.772,0
1679087760000,2.772,2.772,2.772,2.772,0
1679087700000,2.772,2.772,2.772,2.772,0
1679087640000,2.772,2.772,2.772,2.772,0
1679087580000,2.772,2.772,2.772,2.772,0
1679087520000,2.772,2.772,2.772,2.772,0
1679087460000,2.772,2.772,2.772,2.772,0
1679087400000,2.772,2.772,2.772,2.772,0
1679087340000,2.772,2.772,2.772,2.772,0
1679087280000,2.772,2.772,2.772,2.772,0
1679087220000,2.772,2.772,2.772,2.772,0.031537
1679087160000,2.796,2.796,2.772,2.772,0.18387
1679087100000,2.796,2.796,2.796,2.796,0
1679087040000,2.796,2.796,2.796,2.796,0
1679086980000,2.796,2.796,2.796,2.796,0
1679086920000,2.796,2.796,2.796,2.796,0
1679086860000,2.796,2.796,2.796,2.796,0
1679086800000,2.796,2.796,2.796,2.796,0
1679086740000,2.796,2.796,2.796,2.796,0
1679086680000,2.796,2.796,2.796,2.796,0
1679086620000,2.796,2.796,2.796,2.796,0
1679086560000,2.777,2.796,2.773,2.796,14.91459
1679086500000,2.777,2.777,2.777,2.777,0
1679086440000,2.772,2.777,2.772,2.777,0.116489
1679086380000,2.772,2.772,2.772,2.772,0
1679086320000,2.772,2.772,2.772,2.772,0
1679086260000,2.772,2.772,2.772,2.772,0
1679086200000,2.772,2.772,2.772,2.772,0
1679086140000,2.772,2.772,2.772,2.772,0
1679086080000,2.772,2.772,2.772,2.772,0
1679086020000,2.772,2.772,2.772,2.772,0
1679085960000,2.772,2.772,2.772,2.772,0
1679085900000,2.772,2.772,2.772,2.772,0
1679085840000,2.772,2.772,2.772,2.772,0
1679085780000,2.772,2.772,2.772,2.772,0
1679085720000,2.772,2.772,2.772,2.772,0
1679085660000,2.772,2.772,2.772,2.772,0
1679085600000,2.772,2.772,2.772,2.772,0
1679085540000,2.772,2.772,2.772,2.772,0
1679085480000,2.772,2.772,2.772,2.772,0
1679085420000,2.772,2.772,2.772,2.772,0
1679085360000,2.772,2.772,2.772,2.772,0
1679085300000,2.772,2.772,2.772,2.772,0
1679085240000,2.772,2.772,2.772,2.772,0
1679085180000,2.772,2.772,2.772,2.772,0
1679085120000,2.772,2.772,2.772,2.772,0
1679085060000,2.772,2.772,2.772,2.772,0
1679085000000,2.772,2.772,2.772,2.772,0
1679084940000,2.772,2.772,2.772,2.772,0.428669
1679084880000,2.796,2.796,2.772,2.772,0.292365
1679084820000,2.796,2.796,2.796,2.796,0
1679084760000,2.796,2.796,2.796,2.796,0
1679084700000,2.796,2.796,2.796,2.796,0
1679084640000,2.796,2.796,2.796,2.796,0
1679084580000,2.796,2.796,2.796,2.796,0
1679084520000,2.796,2.796,2.796,2.796,0
1679084460000,2.796,2.796,2.796,2.796,0
1679084400000,2.796,2.796,2.796,2.796,0
1679084340000,2.796,2.796,2.796,2.796,0
1679084280000,2.796,2.796,2.796,2.796,0
1679084220000,2.796,2.796,2.796,2.796,0
1679084160000,2.796,2.796,2.796,2.796,0
1679084100000,2.796,2.796,2.796,2.796,0
1679084040000,2.796,2.796,2.76,2.796,6.386125
1679083980000,2.749,2.796,2.749,2.796,30.786476
1679083920000,2.749,2.749,2.749,2.749,0
1679083860000,2.749,2.749,2.749,2.749,0
1679083800000,2.749,2.749,2.749,2.749,0
1679083740000,2.749,2.749,2.749,2.749,0
1679083680000,2.745,2.749,2.745,2.749,0.232019
1679083620000,2.745,2.745,2.745,2.745,0
1679083560000,2.745,2.745,2.745,2.745,0.054875
1679083500000,2.745,2.745,2.745,2.745,0
1679083440000,2.745,2.745,2.745,2.745,0
1679083380000,2.745,2.745,2.745,2.745,0
1679083320000,2.745,2.745,2.745,2.745,0
1679083260000,2.745,2.745,2.745,2.745,0
1679083200000,2.745,2.745,2.745,2.745,0
1679083140000,2.745,2.745,2.745,2.745,0
1679083080000,2.745,2.745,2.745,2.745,0
1679083020000,2.745,2.745,2.745,2.745,0
1679082960000,2.745,2.745,2.745,2.745,0
1679082900000,2.745,2.745,2.745,2.745,0
1679082840000,2.745,2.745,2.745,2.745,0
1679082780000,2.745,2.745,2.745,2.745,0.221797
1679082720000,2.745,2.745,2.745,2.745,0
1679082660000,2.745,2.745,2.745,2.745,0
1679082600000,2.745,2.745,2.745,2.745,0
1679082540000,2.745,2.745,2.745,2.745,0
1679082480000,2.745,2.745,2.745,2.745,0
1679082420000,2.745,2.745,2.745,2.745,0
1679082360000,2.745,2.745,2.745,2.745,0
1679082300000,2.741,2.745,2.741,2.745,0.636696
1679082240000,2.741,2.741,2.741,2.741,0
1679082180000,2.737,2.778,2.735,2.741,106.360251
1679082120000,2.713,2.737,2.713,2.737,12.222825
1679082060000,2.683,2.713,2.683,2.713,35.558679
1679082000000,2.683,2.683,2.683,2.683,0
1679081940000,2.683,2.683,2.683,2.683,0
1679081880000,2.683,2.683,2.683,2.683,0
1679081820000,2.683,2.683,2.683,2.683,0
1679081760000,2.683,2.683,2.683,2.683,0
1679081700000,2.683,2.683,2.683,2.683,0
1679081640000,2.693,2.693,2.683,2.683,35.969595
1679081580000,2.693,2.693,2.693,2.693,0
1679081520000,2.693,2.693,2.693,2.693,0
1679081460000,2.693,2.693,2.693,2.693,0
1679081400000,2.693,2.693,2.693,2.693,0
1679081340000,2.687,2.693,2.687,2.693,0.104482
1679081280000,2.709,2.709,2.687,2.687,75.580001
1679081220000,2.709,2.709,2.709,2.709,0
1679081160000,2.709,2.709,2.709,2.709,0
1679081100000,2.709,2.709,2.709,2.709,0
1679081040000,2.709,2.709,2.709,2.709,0
1679080980000,2.709,2.709,2.709,2.709,0.319445
1679080920000,2.709,2.709,2.709,2.709,0
1679080860000,2.709,2.709,2.709,2.709,0
1679080800000,2.709,2.709,2.709,2.709,0.031064
1679080740000,2.709,2.709,2.709,2.709,0.030808
1679080680000,2.709,2.709,2.709,2.709,0
1679080620000,2.709,2.709,2.709,2.709,0
1679080560000,2.709,2.709,2.709,2.709,0
1679080500000,2.709,2.709,2.709,2.709,0
1679080440000,2.709,2.709,2.709,2.709,0
1679080380000,2.709,2.709,2.709,2.709,0
1679080320000,2.709,2.709,2.709,2.709,0
1679080260000,2.709,2.709,2.709,2.709,0
1679080200000,2.709,2.709,2.709,2.709,0
1679080140000,2.709,2.709,2.709,2.709,0
1679080080000,2.709,2.709,2.709,2.709,0
1679080020000,2.709,2.709,2.709,2.709,0
1679079960000,2.709,2.709,2.709,2.709,0
1679079900000,2.709,2.709,2.709,2.709,0
1679079840000,2.709,2.709,2.709,2.709,0
1679079780000,2.709,2.709,2.709,2.709,0.249767
1679079720000,2.709,2.709,2.709,2.709,0
1679079660000,2.709,2.709,2.709,2.709,0
1679079600000,2.709,2.709,2.709,2.709,0
1679079540000,2.709,2.709,2.709,2.709,0
1679079480000,2.709,2.709,2.709,2.709,0
1679079420000,2.709,2.709,2.709,2.709,0
1679079360000,2.709,2.709,2.709,2.709,0
1679079300000,2.709,2.709,2.709,2.709,0
1679079240000,2.682,2.709,2.682,2.709,7.39775
1679079180000,2.682,2.682,2.682,2.682,0
1679079120000,2.682,2.682,2.682,2.682,0
1679079060000,2.682,2.682,2.682,2.682,0
1679079000000,2.682,2.682,2.682,2.682,0
1679078940000,2.682,2.682,2.682,2.682,5.65844
1679078880000,2.682,2.682,2.682,2.682,0
1679078820000,2.682,2.682,2.682,2.682,0
1679078760000,2.682,2.682,2.682,2.682,0
1679078700000,2.682,2.682,2.682,2.682,0
1679078640000,2.682,2.682,2.682,2.682,0
1679078580000,2.682,2.682,2.682,2.682,0
1679078520000,2.682,2.682,2.682,2.682,0
1679078460000,2.682,2.682,2.682,2.682,0
1679078400000,2.682,2.682,2.682,2.682,0
1679078340000,2.682,2.682,2.682,2.682,0
1679078280000,2.682,2.682,2.682,2.682,0
1679078220000,2.682,2.682,2.682,2.682,0
1679078160000,2.682,2.682,2.682,2.682,0
1679078100000,2.682,2.682,2.682,2.682,0
1679078040000,2.682,2.682,2.682,2.682,0
1679077980000,2.682,2.682,2.682,2.682,0
1679077920000,2.682,2.682,2.682,2.682,0
1679077860000,2.682,2.682,2.682,2.682,0
1679077800000,2.682,2.682,2.682,2.682,0
1679077740000,2.682,2.682,2.682,2.682,0.335937
1679077680000,2.663,2.682,2.663,2.682,0.224815
1679077620000,2.663,2.663,2.663,2.663,0
1679077560000,2.663,2.663,2.663,2.663,0
1679077500000,2.663,2.663,2.663,2.663,0
1679077440000,2.663,2.663,2.663,2.663,0
1679077380000,2.663,2.663,2.663,2.663,0
1679077320000,2.663,2.663,2.663,2.663,0
1679077260000,2.663,2.663,2.663,2.663,0
1679077200000,2.663,2.663,2.663,2.663,0
1679077140000,2.663,2.663,2.663,2.663,0
1679077080000,2.663,2.663,2.663,2.663,0
1679077020000,2.663,2.663,2.663,2.663,0
1679076960000,2.663,2.663,2.663,2.663,0
1679076900000,2.663,2.663,2.663,2.663,0
1679076840000,2.663,2.663,2.663,2.663,0
1679076780000,2.663,2.663,2.663,2.663,0
1679076720000,2.663,2.663,2.663,2.663,0.454433
1679076660000,2.663,2.663,2.663,2.663,0
1679076600000,2.663,2.663,2.663,2.663,0
1679076540000,2.663,2.663,2.663,2.663,0
1679076480000,2.663,2.663,2.663,2.663,0.084014
1679076420000,2.663,2.663,2.663,2.663,0
1679076360000,2.663,2.663,2.663,2.663,0
1679076300000,2.663,2.663,2.663,2.663,0
1679076240000,2.731,2.731,2.663,2.663,64.820014
1679076180000,2.731,2.731,2.731,2.731,0
1679076120000,2.731,2.731,2.731,2.731,0
1679076060000,2.731,2.731,2.731,2.731,0
1679076000000,2.731,2.731,2.731,2.731,0
1679075940000,2.731,2.731,2.731,2.731,0
1679075880000,2.731,2.731,2.731,2.731,0
1679075820000,2.731,2.731,2.731,2.731,0
1679075760000,2.731,2.731,2.731,2.731,0
1679075700000,2.731,2.731,2.731,2.731,0
1679075640000,2.764,2.764,2.731,2.731,0.278535
1679075580000,2.764,2.764,2.764,2.764,0
1679075520000,2.764,2.764,2.764,2.764,0
1679075460000,2.764,2.764,2.764,2.764,0
1679075400000,2.764,2.764,2.764,2.764,0
1679075340000,2.764,2.764,2.764,2.764,0
1679075280000,2.764,2.764,2.764,2.764,0
1679075220000,2.764,2.764,2.764,2.764,0
1679075160000,2.764,2.764,2.764,2.764,0
1679075100000,2.764,2.764,2.764,2.764,0
1679075040000,2.764,2.764,2.764,2.764,0
1679074980000,2.764,2.764,2.764,2.764,0
1679074920000,2.764,2.764,2.764,2.764,0
1679074860000,2.764,2.764,2.764,2.764,0
1679074800000,2.764,2.764,2.764,2.764,0
1679074740000,2.764,2.764,2.764,2.764,0
1679074680000,2.764,2.764,2.764,2.764,0
1679074620000,2.731,2.764,2.731,2.764,70.324577
1679074560000,2.731,2.731,2.731,2.731,0
1679074500000,2.731,2.731,2.731,2.731,0
1679074440000,2.731,2.731,2.731,2.731,0
1679074380000,2.731,2.731,2.731,2.731,0
1679074320000,2.731,2.731,2.731,2.731,0
1679074260000,2.731,2.731,2.731,2.731,0
1679074200000,2.731,2.731,2.731,2.731,0
1679074140000,2.731,2.731,2.731,2.731,0.132872
1679074080000,2.764,2.764,2.731,2.731,0.099371
1679074020000,2.764,2.764,2.764,2.764,0
1679073960000,2.764,2.764,2.764,2.764,0
1679073900000,2.764,2.764,2.764,2.764,0
1679073840000,2.764,2.764,2.764,2.764,0
1679073780000,2.764,2.764,2.764,2.764,0
1679073720000,2.764,2.764,2.764,2.764,0
1679073660000,2.764,2.764,2.764,2.764,0.386024
1679073600000,2.731,2.764,2.731,2.764,0.065192
1679073540000,2.731,2.731,2.731,2.731,0
1679073480000,2.731,2.731,2.731,2.731,0
1679073420000,2.731,2.731,2.731,2.731,0
1679073360000,2.731,2.731,2.731,2.731,0
1679073300000,2.731,2.731,2.731,2.731,0
1679073240000,2.731,2.731,2.731,2.731,0
1679073180000,2.731,2.731,2.731,2.731,0
1679073120000,2.645,2.764,2.645,2.731,78.073438
1679073060000,2.645,2.645,2.645,2.645,0
1679073000000,2.764,2.764,2.645,2.645,94.291798
1679072940000,2.764,2.764,2.764,2.764,0
1679072880000,2.669,2.764,2.669,2.764,65.035967
1679072820000,2.669,2.669,2.669,2.669,0
1679072760000,2.669,2.669,2.669,2.669,0
1679072700000,2.643,2.669,2.643,2.669,6.249691
1679072640000,2.643,2.643,2.643,2.643,0
1679072580000,2.643,2.643,2.643,2.643,0
1679072520000,2.643,2.643,2.643,2.643,0
1679072460000,2.643,2.643,2.643,2.643,0
1679072400000,2.643,2.643,2.643,2.643,0
1679072340000,2.643,2.643,2.643,2.643,0
1679072280000,2.643,2.643,2.643,2.643,0
1679072220000,2.643,2.643,2.643,2.643,0
1679072160000,2.643,2.643,2.643,2.643,0
1679072100000,2.643,2.643,2.643,2.643,0
1679072040000,2.643,2.643,2.643,2.643,0
1679071980000,2.643,2.643,2.643,2.643,0
1679071920000,2.643,2.643,2.643,2.643,0
1679071860000,2.643,2.643,2.643,2.643,0
1679071800000,2.643,2.643,2.643,2.643,0
1679071740000,2.643,2.643,2.643,2.643,0
1679071680000,2.643,2.643,2.643,2.643,0
1679071620000,2.643,2.643,2.643,2.643,0
1679071560000,2.643,2.643,2.643,2.643,0
1679071500000,2.643,2.643,2.643,2.643,0
1679071440000,2.643,2.643,2.643,2.643,0
1679071380000,2.643,2.643,2.643,2.643,0
1679071320000,2.643,2.643,2.643,2.643,0
1679071260000,2.643,2.643,2.643,2.643,0
1679071200000,2.643,2.643,2.643,2.643,0
1679071140000,2.643,2.643,2.643,2.643,0
1679071080000,2.715,2.715,2.643,2.643,4098.98117
1679071020000,2.715,2.715,2.715,2.715,0
1679070960000,2.715,2.715,2.715,2.715,0
1679070900000,2.715,2.715,2.715,2.715,0
1679070840000,2.715,2.715,2.715,2.715,0
1679070780000,2.715,2.715,2.715,2.715,0
1679070720000,2.715,2.715,2.715,2.715,0
1679070660000,2.715,2.715,2.715,2.715,0.042356
1679070600000,2.715,2.715,2.715,2.715,0
1679070540000,2.715,2.715,2.715,2.715,0.584162
1679070480000,2.715,2.715,2.715,2.715,0.42208
1679070420000,2.715,2.715,2.715,2.715,0
1679070360000,2.715,2.715,2.715,2.715,0
1679070300000,2.715,2.715,2.715,2.715,0
1679070240000,2.715,2.715,2.715,2.715,0
1679070180000,2.715,2.715,2.715,2.715,0
1679070120000,2.715,2.715,2.715,2.715,0
1679070060000,2.715,2.715,2.715,2.715,0
1679070000000,2.709,2.715,2.709,2.715,0.417156
1679069940000,2.709,2.709,2.709,2.709,0
1679069880000,2.709,2.709,2.709,2.709,0
1679069820000,2.709,2.709,2.709,2.709,0
1679069760000,2.709,2.709,2.709,2.709,0
1679069700000,2.709,2.709,2.709,2.709,0
1679069640000,2.709,2.709,2.709,2.709,0
1679069580000,2.709,2.709,2.709,2.709,0
1679069520000,2.709,2.709,2.709,2.709,0
1679069460000,2.709,2.709,2.709,2.709,0
1679069400000,2.709,2.709,2.709,2.709,0
1679069340000,2.709,2.709,2.709,2.709,0
1679069280000,2.709,2.709,2.709,2.709,0
1679069220000,2.709,2.709,2.709,2.709,0
1679069160000,2.709,2.709,2.709,2.709,0
1679069100000,2.709,2.709,2.709,2.709,0
1679069040000,2.709,2.709,2.709,2.709,0
1679068980000,2.709,2.709,2.709,2.709,0
1679068920000,2.709,2.709,2.709,2.709,0
1679068860000,2.709,2.709,2.709,2.709,0
1679068800000,2.709,2.709,2.709,2.709,0
1679068740000,2.709,2.709,2.709,2.709,0
1679068680000,2.709,2.709,2.709,2.709,0
1679068620000,2.709,2.709,2.709,2.709,0
1679068560000,2.709,2.709,2.709,2.709,0
1679068500000,2.709,2.709,2.709,2.709,0
1679068440000,2.709,2.709,2.709,2.709,0
1679068380000,2.718,2.718,2.709,2.709,0.114526
1679068320000,2.718,2.718,2.718,2.718,0
1679068260000,2.718,2.718,2.718,2.718,0
1679068200000,2.718,2.718,2.718,2.718,0
1679068140000,2.718,2.718,2.718,2.718,0
1679068080000,2.718,2.718,2.718,2.718,0
1679068020000,2.718,2.718,2.718,2.718,0
1679067960000,2.718,2.718,2.718,2.718,0
1679067900000,2.718,2.718,2.718,2.718,0
1679067840000,2.718,2.718,2.718,2.718,0
1679067780000,2.718,2.718,2.718,2.718,0
1679067720000,2.718,2.718,2.718,2.718,0
1679067660000,2.718,2.718,2.718,2.718,0
1679067600000,2.718,2.718,2.718,2.718,0
1679067540000,2.718,2.718,2.718,2.718,0
1679067480000,2.718,2.718,2.718,2.718,0
1679067420000,2.718,2.718,2.718,2.718,0
1679067360000,2.814,2.814,2.718,2.718,47.365889
1679067300000,2.814,2.814,2.814,2.814,0
1679067240000,2.814,2.814,2.814,2.814,0
1679067180000,2.814,2.814,2.814,2.814,0
1679067120000,2.814,2.814,2.814,2.814,0
1679067060000,2.814,2.814,2.814,2.814,0.036067
1679067000000,2.814,2.814,2.814,2.814,0
1679066940000,2.814,2.814,2.814,2.814,0.826331
1679066880000,2.839,2.839,2.814,2.814,0.577934
1679066820000,2.839,2.839,2.839,2.839,0
1679066760000,2.839,2.839,2.839,2.839,0
1679066700000,2.839,2.839,2.839,2.839,0
1679066640000,2.839,2.839,2.839,2.839,0
1679066580000,2.839,2.839,2.839,2.839,0
1679066520000,2.839,2.839,2.839,2.839,0
1679066460000,2.839,2.839,2.839,2.839,0
1679066400000,2.839,2.839,2.839,2.839,0
1679066340000,2.805,2.839,2.805,2.839,29.21733
1679066280000,2.691,2.805,2.691,2.805,65.074468
1679066220000,2.691,2.691,2.691,2.691,0
1679066160000,2.691,2.691,2.691,2.691,0
1679066100000,2.691,2.691,2.691,2.691,0
1679066040000,2.691,2.691,2.691,2.691,0
1679065980000,2.691,2.691,2.691,2.691,0
1679065920000,2.772,2.772,2.691,2.691,38.522375
1679065860000,2.772,2.772,2.772,2.772,0
1679065800000,2.772,2.772,2.772,2.772,0
1679065740000,2.772,2.772,2.772,2.772,0
1679065680000,2.772,2.772,2.772,2.772,0
1679065620000,2.772,2.772,2.772,2.772,0.593011
1679065560000,2.773,2.773,2.772,2.772,0.11882
1679065500000,2.791,2.791,2.773,2.773,0.032076
1679065440000,2.791,2.791,2.791,2.791,0
1679065380000,2.791,2.791,2.791,2.791,0
1679065320000,2.791,2.791,2.791,2.791,0
1679065260000,2.791,2.791,2.791,2.791,0
1679065200000,2.791,2.791,2.791,2.791,0
1679065140000,2.791,2.791,2.791,2.791,0
1679065080000,2.791,2.791,2.791,2.791,0
1679065020000,2.791,2.791,2.791,2.791,0
1679064960000,2.791,2.791,2.791,2.791,0
1679064900000,2.791,2.791,2.791,2.791,0
1679064840000,2.791,2.791,2.791,2.791,0
1679064780000,2.791,2.791,2.791,2.791,0
1679064720000,2.791,2.791,2.791,2.791,0
1679064660000,2.791,2.791,2.791,2.791,0
1679064600000,2.791,2.791,2.791,2.791,0
1679064540000,2.659,2.791,2.659,2.791,207.859321
1679064480000,2.659,2.659,2.659,2.659,0
1679064420000,2.659,2.659,2.659,2.659,0
1679064360000,2.659,2.659,2.659,2.659,0
1679064300000,2.659,2.659,2.659,2.659,0
1679064240000,2.659,2.659,2.659,2.659,0
1679064180000,2.659,2.659,2.659,2.659,0
1679064120000,2.659,2.659,2.659,2.659,0
1679064060000,2.659,2.659,2.659,2.659,0
1679064000000,2.659,2.659,2.659,2.659,0
1679063940000,2.659,2.659,2.659,2.659,0.209849
1679063880000,2.676,2.676,2.659,2.659,223.080142
1679063820000,2.676,2.676,2.676,2.676,0
1679063760000,2.676,2.676,2.659,2.676,58.481725
1679063700000,2.676,2.676,2.664,2.676,825.040475
1679063640000,2.678,2.678,2.676,2.676,458.025948
1679063580000,2.678,2.678,2.678,2.678,0
1679063520000,2.678,2.678,2.678,2.678,0
1679063460000,2.678,2.678,2.678,2.678,0
1679063400000,2.679,2.679,2.678,2.678,6.192872
1679063340000,2.68,2.68,2.679,2.679,0.332448
1679063280000,2.691,2.691,2.68,2.68,0.206113
1679063220000,2.704,2.704,2.691,2.691,6.162955
1679063160000,2.715,2.715,2.704,2.704,3.512219
1679063100000,2.714,2.715,2.705,2.715,80.635743
1679063040000,2.714,2.714,2.714,2.714,0
1679062980000,2.714,2.714,2.714,2.714,0
1679062920000,2.714,2.714,2.714,2.714,0
1679062860000,2.714,2.714,2.714,2.714,0
1679062800000,2.714,2.714,2.714,2.714,0
1679062740000,2.714,2.714,2.714,2.714,0
1679062680000,2.724,2.73,2.714,2.714,134.476822
1679062620000,2.724,2.724,2.724,2.724,0
1679062560000,2.724,2.724,2.724,2.724,0
1679062500000,2.724,2.724,2.724,2.724,0
1679062440000,2.724,2.724,2.724,2.724,0
1679062380000,2.724,2.724,2.724,2.724,0
1679062320000,2.724,2.724,2.724,2.724,0
1679062260000,2.724,2.724,2.724,2.724,0
1679062200000,2.724,2.724,2.724,2.724,0.244434
1679062140000,2.724,2.724,2.724,2.724,0
1679062080000,2.722,2.724,2.722,2.724,222.412826
1679062020000,2.722,2.722,2.722,2.722,0
1679061960000,2.722,2.722,2.722,2.722,0
1679061900000,2.722,2.722,2.722,2.722,0
1679061840000,2.722,2.722,2.722,2.722,0
1679061780000,2.722,2.722,2.722,2.722,0
1679061720000,2.704,2.722,2.704,2.722,0.129151
1679061660000,2.704,2.704,2.704,2.704,0
1679061600000,2.719,2.719,2.704,2.704,3.460358
1679061540000,2.72,2.72,2.711,2.719,134.173249
1679061480000,2.72,2.72,2.72,2.72,0
1679061420000,2.724,2.724,2.714,2.72,268.27342
1679061360000,2.724,2.724,2.724,2.724,0
1679061300000,2.722,2.724,2.71,2.724,267.908621
1679061240000,2.736,2.736,2.722,2.722,0.075953
1679061180000,2.718,2.736,2.718,2.736,533.495802
1679061120000,2.718,2.718,2.718,2.718,0
1679061060000,2.718,2.718,2.718,2.718,0
1679061000000,2.718,2.718,2.718,2.718,0
1679060940000,2.745,2.745,2.718,2.718,12.174422
1679060880000,2.745,2.745,2.745,2.745,0
1679060820000,2.745,2.745,2.745,2.745,0
1679060760000,2.759,2.759,2.745,2.745,369.67808
1679060700000,2.761,2.761,2.759,2.759,6.011059
1679060640000,2.761,2.761,2.761,2.761,0
1679060580000,2.761,2.761,2.761,2.761,0
1679060520000,2.761,2.761,2.761,2.761,0
1679060460000,2.761,2.761,2.761,2.761,0
1679060400000,2.761,2.761,2.761,2.761,0
1679060340000,2.761,2.761,2.761,2.761,0
1679060280000,2.761,2.761,2.761,2.761,0
1679060220000,2.761,2.761,2.761,2.761,0
1679060160000,2.779,2.779,2.761,2.761,783.102304
1679060100000,2.779,2.779,2.779,2.779,0
1679060040000,2.779,2.779,2.779,2.779,0
1679059980000,2.778,2.779,2.778,2.779,245.67594
1679059920000,2.778,2.778,2.778,2.778,0
1679059860000,2.778,2.778,2.778,2.778,0
1679059800000,2.778,2.778,2.778,2.778,0
1679059740000,2.777,2.778,2.777,2.778,6.038657
1679059680000,2.764,2.777,2.764,2.777,0.040284
1679059620000,2.764,2.764,2.764,2.764,0
1679059560000,2.764,2.764,2.764,2.764,0
1679059500000,2.764,2.764,2.764,2.764,0
1679059440000,2.764,2.764,2.764,2.764,0
1679059380000,2.764,2.764,2.764,2.764,0
1679059320000,2.764,2.764,2.764,2.764,0
1679059260000,2.764,2.764,2.764,2.764,0
1679059200000,2.764,2.764,2.764,2.764,0
1679059140000,2.764,2.764,2.764,2.764,0
1679059080000,2.764,2.765,2.764,2.764,0.712258
1679059020000,2.764,2.764,2.764,2.764,0
1679058960000,2.764,2.764,2.764,2.764,0
1679058900000,2.764,2.764,2.764,2.764,0
1679058840000,2.764,2.764,2.764,2.764,0
1679058780000,2.764,2.764,2.764,2.764,0
1679058720000,2.764,2.764,2.764,2.764,0
1679058660000,2.764,2.764,2.764,2.764,0
1679058600000,2.764,2.764,2.764,2.764,0
1679058540000,2.764,2.764,2.764,2.764,0
1679058480000,2.764,2.764,2.764,2.764,0
1679058420000,2.764,2.764,2.764,2.764,0
1679058360000,2.764,2.764,2.764,2.764,0
1679058300000,2.764,2.764,2.764,2.764,0
1679058240000,2.764,2.764,2.764,2.764,0
1679058180000,2.764,2.764,2.764,2.764,5.631405
1679058120000,2.75,2.764,2.75,2.764,0.40427
1679058060000,2.75,2.75,2.75,2.75,0
1679058000000,2.75,2.75,2.75,2.75,0
1679057940000,2.75,2.75,2.75,2.75,0
1679057880000,2.75,2.75,2.75,2.75,0
1679057820000,2.75,2.75,2.75,2.75,0
1679057760000,2.75,2.75,2.75,2.75,0
1679057700000,2.75,2.75,2.75,2.75,0
1679057640000,2.75,2.75,2.75,2.75,0
1679057580000,2.75,2.75,2.75,2.75,0
1679057520000,2.75,2.75,2.75,2.75,0
1679057460000,2.75,2.75,2.75,2.75,0
1679057400000,2.75,2.75,2.75,2.75,0
1679057340000,2.75,2.75,2.75,2.75,0
1679057280000,2.75,2.75,2.75,2.75,0
1679057220000,2.75,2.75,2.75,2.75,0
1679057160000,2.75,2.75,2.75,2.75,0
1679057100000,2.75,2.75,2.75,2.75,0
1679057040000,2.75,2.75,2.75,2.75,0
1679056980000,2.75,2.75,2.75,2.75,0
1679056920000,2.737,2.75,2.737,2.75,6.066616
1679056860000,2.737,2.737,2.737,2.737,0
1679056800000,2.718,2.737,2.718,2.737,6.095632
1679056740000,2.718,2.718,2.718,2.718,0
1679056680000,2.745,2.745,2.718,2.718,12.174422
1679056620000,2.745,2.745,2.745,2.745,0
1679056560000,2.774,2.774,2.745,2.745,15.320357
1679056500000,2.774,2.774,2.774,2.774,0
1679056440000,2.774,2.774,2.774,2.774,0
1679056380000,2.774,2.774,2.774,2.774,0
1679056320000,2.774,2.774,2.774,2.774,0
1679056260000,2.774,2.774,2.774,2.774,0
1679056200000,2.776,2.776,2.774,2.774,0.037672
1679056140000,2.776,2.776,2.776,2.776,0.461786
1679056080000,2.778,2.778,2.776,2.776,0.361262
1679056020000,2.778,2.778,2.778,2.778,0
1679055960000,2.778,2.778,2.778,2.778,0
1679055900000,2.778,2.778,2.778,2.778,0
1679055840000,2.786,2.786,2.778,2.778,200
1679055780000,2.786,2.786,2.786,2.786,0
1679055720000,2.786,2.786,2.786,2.786,0
1679055660000,2.786,2.786,2.786,2.786,0
1679055600000,2.786,2.786,2.786,2.786,0
1679055540000,2.786,2.786,2.786,2.786,0
1679055480000,2.814,2.814,2.786,2.786,12.690146
1679055420000,2.814,2.814,2.814,2.814,0
1679055360000,2.828,2.828,2.814,2.814,5.893572
1679055300000,2.828,2.828,2.828,2.828,0
1679055240000,2.833,2.833,2.828,2.828,6.128675
1679055180000,2.833,2.833,2.833,2.833,0
1679055120000,2.842,2.842,2.833,2.833,1.988035
1679055060000,2.842,2.842,2.842,2.842,0
1679055000000,2.842,2.842,2.842,2.842,0
1679054940000,2.87,2.87,2.842,2.842,11.674633
1679054880000,2.87,2.87,2.87,2.87,0
1679054820000,2.87,2.87,2.87,2.87,0
1679054760000,2.878,2.878,2.87,2.87,22.414057
1679054700000,2.878,2.878,2.878,2.878,0
1679054640000,2.878,2.878,2.878,2.878,0
1679054580000,2.878,2.878,2.878,2.878,0
1679054520000,2.878,2.878,2.878,2.878,0
1679054460000,2.889,2.889,2.878,2.878,6.5385
1679054400000,2.889,2.889,2.889,2.889,0
1679054340000,2.889,2.889,2.889,2.889,0
1679054280000,2.893,2.893,2.889,2.889,110.397856
1679054220000,2.893,2.893,2.893,2.893,0
1679054160000,2.914,2.914,2.893,2.893,110.397856
1679054100000,2.89,2.914,2.89,2.914,0.114106
1679054040000,2.89,2.89,2.89,2.89,0
1679053980000,2.89,2.89,2.89,2.89,0
1679053920000,2.89,2.89,2.89,2.89,0
1679053860000,2.89,2.89,2.89,2.89,0
1679053800000,2.89,2.89,2.89,2.89,0
1679053740000,2.89,2.89,2.89,2.89,0
1679053680000,2.89,2.89,2.89,2.89,0
1679053620000,2.89,2.89,2.89,2.89,0
1679053560000,2.89,2.89,2.89,2.89,0
1679053500000,2.89,2.89,2.89,2.89,0
1679053440000,2.89,2.89,2.89,2.89,0
1679053380000,2.89,2.89,2.89,2.89,0
1679053320000,2.89,2.89,2.89,2.89,0
1679053260000,2.89,2.89,2.89,2.89,0
1679053200000,2.89,2.89,2.89,2.89,0
1679053140000,2.89,2.89,2.89,2.89,0
1679053080000,2.89,2.89,2.89,2.89,0
1679053020000,2.89,2.89,2.89,2.89,0
1679052960000,2.89,2.89,2.89,2.89,0
1679052900000,2.89,2.89,2.89,2.89,0
1679052840000,2.89,2.89,2.89,2.89,0
1679052780000,2.89,2.89,2.89,2.89,0
1679052720000,2.89,2.89,2.89,2.89,0
1679052660000,2.888,2.89,2.888,2.89,132.705056
1679052600000,2.888,2.888,2.888,2.888,0
1679052540000,2.887,2.888,2.887,2.888,0.147479
1679052480000,2.886,2.887,2.886,2.887,0.077899
1679052420000,2.886,2.886,2.886,2.886,0
1679052360000,2.886,2.886,2.886,2.886,0
1679052300000,2.886,2.886,2.886,2.886,0
1679052240000,2.886,2.886,2.886,2.886,0
1679052180000,2.886,2.886,2.886,2.886,0
1679052120000,2.886,2.886,2.886,2.886,0
1679052060000,2.886,2.886,2.886,2.886,0
1679052000000,2.886,2.886,2.886,2.886,0
1679051940000,2.886,2.886,2.886,2.886,0
1679051880000,2.886,2.886,2.886,2.886,0
1679051820000,2.886,2.886,2.886,2.886,0
1679051760000,2.886,2.886,2.886,2.886,0
1679051700000,2.886,2.886,2.886,2.886,0
1679051640000,2.886,2.886,2.886,2.886,0
1679051580000,2.886,2.886,2.886,2.886,0
1679051520000,2.886,2.886,2.886,2.886,0
1679051460000,2.886,2.886,2.886,2.886,0
1679051400000,2.886,2.886,2.886,2.886,0
1679051340000,2.886,2.886,2.886,2.886,0
1679051280000,2.886,2.886,2.886,2.886,0
1679051220000,2.886,2.886,2.886,2.886,0
1679051160000,2.886,2.886,2.886,2.886,0
1679051100000,2.886,2.886,2.886,2.886,0
1679051040000,2.886,2.886,2.886,2.886,0
1679050980000,2.899,2.899,2.886,2.886,0.249191
1679050920000,2.903,2.903,2.899,2.899,5.72077
1679050860000,2.932,2.932,2.903,2.903,1
1679050800000,2.932,2.932,2.932,2.932,0
1679050740000,2.932,2.932,2.932,2.932,0
1679050680000,2.932,2.932,2.932,2.932,0
1679050620000,2.932,2.932,2.932,2.932,0
1679050560000,2.932,2.932,2.932,2.932,0
1679050500000,2.932,2.932,2.932,2.932,0
1679050440000,2.932,2.932,2.932,2.932,0
1679050380000,2.932,2.932,2.932,2.932,0
1679050320000,2.932,2.932,2.932,2.932,0
1679050260000,2.932,2.932,2.932,2.932,0
1679050200000,2.932,2.932,2.932,2.932,0
1679050140000,2.926,2.932,2.926,2.932,0.203822
1679050080000,2.926,2.926,2.926,2.926,0
1679050020000,2.926,2.926,2.926,2.926,0
1679049960000,2.926,2.926,2.926,2.926,0
1679049900000,2.926,2.926,2.926,2.926,0
1679049840000,2.926,2.926,2.926,2.926,0
1679049780000,2.926,2.926,2.926,2.926,0
1679049720000,2.926,2.926,2.926,2.926,0
1679049660000,2.919,2.926,2.919,2.926,0.789179
1679049600000,2.919,2.919,2.919,2.919,0
1679049540000,2.905,2.919,2.905,2.919,5.715049
1679049480000,2.894,2.905,2.894,2.905,5.742783
1679049420000,2.894,2.894,2.894,2.894,0
1679049360000,2.894,2.894,2.894,2.894,0
1679049300000,2.894,2.894,2.894,2.894,0
1679049240000,2.894,2.894,2.894,2.894,0
1679049180000,2.894,2.894,2.894,2.894,0
1679049120000,2.902,2.902,2.894,2.894,0.030848
1679049060000,2.902,2.902,2.902,2.902,0
1679049000000,2.902,2.902,2.902,2.902,0
1679048940000,2.903,2.903,2.902,2.902,0.401109
1679048880000,2.89,2.903,2.89,2.903,0.325233
1679048820000,2.875,2.89,2.875,2.89,5.772797
1679048760000,2.875,2.875,2.875,2.875,0
1679048700000,2.875,2.875,2.875,2.875,0
1679048640000,2.875,2.875,2.875,2.875,0
1679048580000,2.868,2.875,2.868,2.875,5.801095
1679048520000,2.868,2.868,2.868,2.868,0
1679048460000,2.868,2.868,2.868,2.868,0
1679048400000,2.868,2.868,2.868,2.868,0
1679048340000,2.868,2.868,2.868,2.868,0
1679048280000,2.851,2.868,2.851,2.868,0.053655
1679048220000,2.851,2.851,2.851,2.851,0
1679048160000,2.851,2.851,2.851,2.851,0
1679048100000,2.87,2.87,2.851,2.851,291.749137
1679048040000,2.87,2.87,2.87,2.87,0
1679047980000,2.891,2.891,2.87,2.87,5.778576
1679047920000,2.891,2.891,2.891,2.891,0
1679047860000,2.891,2.891,2.891,2.891,0
1679047800000,2.875,2.891,2.875,2.891,102.233649
1679047740000,2.861,2.875,2.861,2.875,5.801096
1679047680000,2.861,2.861,2.861,2.861,0
1679047620000,2.861,2.861,2.861,2.861,0
1679047560000,2.861,2.861,2.861,2.861,0
1679047500000,2.86,2.861,2.86,2.861,5.829671
1679047440000,2.86,2.86,2.86,2.86,0
1679047380000,2.849,2.86,2.849,2.86,3.038982
1679047320000,2.849,2.849,2.849,2.849,0
1679047260000,2.849,2.849,2.849,2.849,0
1679047200000,2.849,2.849,2.849,2.849,0.228628
1679047140000,2.849,2.849,2.849,2.849,0
1679047080000,2.849,2.849,2.849,2.849,0
1679047020000,2.849,2.849,2.849,2.849,0
1679046960000,2.849,2.849,2.849,2.849,0
1679046900000,2.849,2.849,2.841,2.849,418.315006
1679046840000,2.82,2.849,2.82,2.849,465.783707
1679046780000,2.82,2.82,2.82,2.82,0
1679046720000,2.825,2.825,2.82,2.82,0.059132
1679046660000,2.825,2.825,2.825,2.825,0
1679046600000,2.825,2.825,2.825,2.825,0
1679046540000,2.825,2.825,2.825,2.825,0
1679046480000,2.825,2.825,2.825,2.825,0
1679046420000,2.84,2.84,2.825,2.825,2.622316
1679046360000,2.84,2.84,2.84,2.84,0
1679046300000,2.84,2.84,2.84,2.84,0
1679046240000,2.815,2.84,2.815,2.84,336.705985
1679046180000,2.815,2.815,2.815,2.815,0
1679046120000,2.815,2.815,2.815,2.815,0
1679046060000,2.815,2.815,2.815,2.815,0
1679046000000,2.815,2.815,2.815,2.815,0
1679045940000,2.815,2.815,2.815,2.815,0
1679045880000,2.815,2.815,2.815,2.815,0
1679045820000,2.815,2.815,2.815,2.815,0
1679045760000,2.829,2.834,2.815,2.815,1956.858035
1679045700000,2.829,2.89,2.816,2.829,1964.303284
1679045640000,2.948,2.963,2.817,2.829,2056.283799
1679045580000,2.963,2.963,2.819,2.948,746.976595
1679045520000,2.825,2.963,2.819,2.963,3417.184664
1679045460000,2.971,2.977,2.825,2.825,976.167492
1679045400000,2.814,2.971,2.814,2.971,1103.503176
1679045340000,2.95,2.95,2.814,2.814,287.529712
1679045280000,2.95,2.95,2.95,2.95,0.468469
1679045220000,2.885,2.963,2.885,2.95,1.638499
1679045160000,2.795,2.948,2.795,2.885,1148.199315
1679045100000,2.795,2.795,2.795,2.795,0
1679045040000,2.795,2.795,2.795,2.795,0
1679044980000,2.795,2.795,2.795,2.795,0
1679044920000,2.795,2.795,2.795,2.795,0
1679044860000,2.795,2.795,2.795,2.795,0
1679044800000,2.795,2.795,2.795,2.795,0
1679044740000,2.795,2.795,2.795,2.795,0
1679044680000,2.795,2.795,2.795,2.795,0
1679044620000,2.795,2.795,2.795,2.795,0
1679044560000,2.795,2.795,2.795,2.795,0
1679044500000,2.795,2.795,2.795,2.795,0
1679044440000,2.795,2.795,2.795,2.795,0
1679044380000,2.795,2.795,2.795,2.795,0
1679044320000,2.795,2.795,2.795,2.795,0
1679044260000,2.795,2.795,2.795,2.795,0
1679044200000,2.795,2.795,2.795,2.795,0
1679044140000,2.795,2.795,2.795,2.795,0
1679044080000,2.795,2.795,2.795,2.795,0
1679044020000,2.795,2.795,2.795,2.795,0
1679043960000,2.795,2.795,2.795,2.795,0
1679043900000,2.795,2.795,2.795,2.795,0
1679043840000,2.795,2.795,2.795,2.795,0
1679043780000,2.795,2.795,2.795,2.795,0
1679043720000,2.795,2.795,2.795,2.795,0
1679043660000,2.795,2.795,2.795,2.795,98.908583
1679043600000,2.795,2.795,2.795,2.795,0
1679043540000,2.795,2.795,2.795,2.795,0
1679043480000,2.795,2.795,2.795,2.795,0.171603
1679043420000,2.795,2.795,2.795,2.795,0
1679043360000,2.795,2.799,2.795,2.795,647.453796
1679043300000,2.795,2.795,2.795,2.795,0
1679043240000,2.795,2.795,2.795,2.795,0
1679043180000,2.795,2.795,2.795,2.795,0
1679043120000,2.795,2.795,2.795,2.795,0
1679043060000,2.795,2.795,2.795,2.795,0
1679043000000,2.795,2.795,2.795,2.795,0
1679042940000,2.795,2.795,2.795,2.795,0
1679042880000,2.816,2.816,2.795,2.795,239.887825
1679042820000,2.812,2.816,2.812,2.816,137.378521
1679042760000,2.816,2.816,2.812,2.812,238.079575
1679042700000,2.792,2.816,2.792,2.816,371.075886
1679042640000,2.792,2.792,2.792,2.792,0
1679042580000,2.792,2.792,2.792,2.792,0
1679042520000,2.792,2.792,2.792,2.792,0
1679042460000,2.792,2.792,2.792,2.792,0
1679042400000,2.792,2.792,2.792,2.792,0
1679042340000,2.792,2.792,2.792,2.792,0
1679042280000,2.792,2.792,2.792,2.792,0
1679042220000,2.792,2.792,2.792,2.792,0
1679042160000,2.792,2.792,2.792,2.792,0
1679042100000,2.792,2.792,2.792,2.792,0
1679042040000,2.792,2.792,2.792,2.792,0
1679041980000,2.8,2.8,2.792,2.792,0.814302
1679041920000,2.828,2.828,2.8,2.8,11.816612
1679041860000,2.847,2.847,2.828,2.828,5.864396
1679041800000,2.847,2.847,2.847,2.847,0
1679041740000,2.847,2.847,2.847,2.847,0
1679041680000,2.847,2.847,2.847,2.847,0
1679041620000,2.847,2.847,2.847,2.847,0
1679041560000,2.847,2.847,2.847,2.847,0
1679041500000,2.847,2.847,2.847,2.847,0
1679041440000,2.847,2.847,2.847,2.847,0
1679041380000,2.847,2.847,2.847,2.847,0
1679041320000,2.847,2.847,2.847,2.847,0
1679041260000,2.847,2.847,2.847,2.847,0
1679041200000,2.847,2.847,2.847,2.847,0
1679041140000,2.847,2.847,2.847,2.847,0.209071
1679041080000,2.847,2.847,2.847,2.847,0
1679041020000,2.847,2.847,2.847,2.847,0
1679040960000,2.847,2.847,2.847,2.847,0
1679040900000,2.847,2.847,2.847,2.847,0
1679040840000,2.847,2.847,2.847,2.847,0
1679040780000,2.847,2.847,2.847,2.847,0
1679040720000,2.847,2.847,2.847,2.847,0
1679040660000,2.847,2.847,2.847,2.847,0
1679040600000,2.847,2.847,2.847,2.847,0
1679040540000,2.847,2.847,2.847,2.847,0
1679040480000,2.847,2.847,2.847,2.847,5.784156
1679040420000,2.837,2.847,2.837,2.847,0.074375
1679040360000,2.837,2.837,2.837,2.837,0
1679040300000,2.837,2.837,2.837,2.837,0
1679040240000,2.837,2.837,2.837,2.837,0
1679040180000,2.837,2.837,2.837,2.837,0
1679040120000,2.837,2.837,2.837,2.837,0
1679040060000,2.837,2.837,2.837,2.837,0
1679040000000,2.837,2.837,2.837,2.837,0
1679039940000,2.837,2.837,2.837,2.837,0
1679039880000,2.837,2.837,2.837,2.837,0
1679039820000,2.837,2.837,2.837,2.837,0
1679039760000,2.837,2.837,2.837,2.837,0
1679039700000,2.837,2.837,2.837,2.837,0
1679039640000,2.837,2.837,2.837,2.837,0
1679039580000,2.837,2.837,2.837,2.837,0
1679039520000,2.837,2.837,2.837,2.837,0
1679039460000,2.837,2.837,2.837,2.837,0
1679039400000,2.837,2.837,2.837,2.837,0
1679039340000,2.837,2.837,2.837,2.837,0
1679039280000,2.837,2.837,2.837,2.837,0
1679039220000,2.837,2.837,2.837,2.837,0
1679039160000,2.837,2.837,2.837,2.837,0
1679039100000,2.837,2.837,2.837,2.837,0
1679039040000,2.837,2.837,2.837,2.837,0
1679038980000,2.837,2.837,2.837,2.837,0
1679038920000,2.837,2.837,2.837,2.837,0
1679038860000,2.837,2.837,2.837,2.837,0
1679038800000,2.831,2.837,2.831,2.837,5.933756
1679038740000,2.831,2.831,2.831,2.831,0
1679038680000,2.831,2.831,2.831,2.831,0
1679038620000,2.831,2.831,2.831,2.831,0
1679038560000,2.828,2.831,2.828,2.831,3.426526
1679038500000,2.828,2.828,2.828,2.828,0
1679038440000,2.828,2.828,2.828,2.828,0
1679038380000,2.828,2.828,2.828,2.828,0
1679038320000,2.828,2.828,2.828,2.828,0
1679038260000,2.828,2.828,2.828,2.828,0
1679038200000,2.829,2.829,2.828,2.828,5.864396
1679038140000,2.829,2.829,2.829,2.829,0.038572
1679038080000,2.835,2.835,2.829,2.829,0.112025
1679038020000,2.835,2.835,2.835,2.835,0
1679037960000,2.835,2.835,2.835,2.835,0
1679037900000,2.842,2.842,2.835,2.835,0.801951
1679037840000,2.842,2.842,2.842,2.842,0
1679037780000,2.842,2.842,2.842,2.842,0
1679037720000,2.842,2.842,2.842,2.842,0
1679037660000,2.842,2.842,2.842,2.842,0
1679037600000,2.842,2.842,2.842,2.842,0
1679037540000,2.842,2.842,2.842,2.842,0
1679037480000,2.842,2.842,2.842,2.842,0
1679037420000,2.842,2.842,2.842,2.842,0
1679037360000,2.854,2.854,2.842,2.842,5.835507
1679037300000,2.854,2.854,2.854,2.854,0
1679037240000,2.854,2.854,2.854,2.854,0
1679037180000,2.854,2.854,2.854,2.854,0
1679037120000,2.854,2.854,2.854,2.854,0
1679037060000,2.856,2.856,2.854,2.854,0.0941
1679037000000,2.856,2.856,2.856,2.856,0
1679036940000,2.883,2.883,2.856,2.856,5.806902
1679036880000,2.883,2.883,2.883,2.883,0
1679036820000,2.883,2.883,2.883,2.883,0
1679036760000,2.883,2.883,2.883,2.883,0
1679036700000,2.883,2.883,2.883,2.883,0
1679036640000,2.883,2.883,2.883,2.883,0
1679036580000,2.883,2.883,2.883,2.883,0
1679036520000,2.883,2.883,2.883,2.883,0
1679036460000,2.883,2.883,2.883,2.883,0
1679036400000,2.883,2.883,2.883,2.883,0
1679036340000,2.883,2.883,2.883,2.883,0
1679036280000,2.875,2.883,2.875,2.883,0.801149
1679036220000,2.875,2.875,2.875,2.875,0
1679036160000,2.851,2.875,2.851,2.875,5.801095
1679036100000,2.851,2.851,2.851,2.851,0
1679036040000,2.851,2.851,2.851,2.851,0
1679035980000,2.851,2.851,2.851,2.851,0
1679035920000,2.851,2.851,2.851,2.851,0
1679035860000,2.861,2.861,2.851,2.851,0.059959
1679035800000,2.861,2.861,2.861,2.861,0
1679035740000,2.861,2.861,2.861,2.861,0
1679035680000,2.861,2.861,2.861,2.861,0
1679035620000,2.861,2.861,2.861,2.861,0
1679035560000,2.861,2.861,2.861,2.861,0
1679035500000,2.861,2.861,2.861,2.861,0
1679035440000,2.847,2.861,2.847,2.861,5.829672
1679035380000,2.847,2.847,2.847,2.847,0
1679035320000,2.834,2.847,2.834,2.847,5.858531
1679035260000,2.834,2.834,2.834,2.834,0
1679035200000,2.834,2.834,2.834,2.834,0
1679035140000,2.834,2.834,2.834,2.834,0
1679035080000,2.834,2.834,2.834,2.834,0
1679035020000,2.834,2.834,2.834,2.834,0
1679034960000,2.834,2.834,2.834,2.834,0
1679034900000,2.834,2.834,2.834,2.834,0
1679034840000,2.834,2.834,2.834,2.834,0
1679034780000,2.834,2.834,2.834,2.834,0
1679034720000,2.834,2.834,2.834,2.834,0
1679034660000,2.834,2.834,2.834,2.834,0
1679034600000,2.834,2.834,2.834,2.834,0
1679034540000,2.843,2.843,2.834,2.834,0.076577
1679034480000,2.843,2.843,2.843,2.843,0
1679034420000,2.843,2.843,2.843,2.843,0
1679034360000,2.843,2.843,2.843,2.843,0
1679034300000,2.843,2.843,2.843,2.843,0
1679034240000,2.845,2.845,2.843,2.843,0.263506
1679034180000,2.845,2.845,2.845,2.845,0
1679034120000,2.845,2.845,2.845,2.845,0
1679034060000,2.845,2.845,2.845,2.845,0
1679034000000,2.845,2.845,2.845,2.845,0
1679033940000,2.845,2.845,2.845,2.845,0
1679033880000,2.829,2.845,2.829,2.845,0.057975
1679033820000,2.829,2.829,2.829,2.829,0
1679033760000,2.829,2.829,2.829,2.829,0
1679033700000,2.829,2.829,2.829,2.829,0
1679033640000,2.829,2.829,2.829,2.829,0
1679033580000,2.829,2.829,2.829,2.829,0
1679033520000,2.829,2.829,2.829,2.829,0
1679033460000,2.829,2.829,2.829,2.829,0
1679033400000,2.829,2.829,2.829,2.829,0
1679033340000,2.829,2.829,2.829,2.829,0
1679033280000,2.829,2.829,2.829,2.829,0
1679033220000,2.829,2.829,2.829,2.829,0
1679033160000,2.829,2.829,2.829,2.829,0
1679033100000,2.829,2.829,2.829,2.829,0
1679033040000,2.829,2.829,2.829,2.829,0
1679032980000,2.829,2.829,2.829,2.829,0
1679032920000,2.829,2.829,2.829,2.829,0
1679032860000,2.829,2.829,2.829,2.829,0
1679032800000,2.838,2.838,2.829,2.829,0.109716
1679032740000,2.838,2.838,2.838,2.838,0
1679032680000,2.838,2.838,2.838,2.838,0
1679032620000,2.838,2.838,2.838,2.838,0
1679032560000,2.838,2.838,2.838,2.838,0
1679032500000,2.838,2.838,2.838,2.838,0
1679032440000,2.838,2.838,2.838,2.838,0
1679032380000,2.838,2.838,2.838,2.838,0
1679032320000,2.838,2.838,2.838,2.838,0
1679032260000,2.838,2.838,2.838,2.838,0
1679032200000,2.838,2.838,2.838,2.838,0
1679032140000,2.838,2.838,2.838,2.838,0
1679032080000,2.838,2.838,2.838,2.838,0
1679032020000,2.838,2.838,2.838,2.838,0
1679031960000,2.838,2.838,2.838,2.838,0
1679031900000,2.838,2.838,2.838,2.838,0
1679031840000,2.838,2.838,2.838,2.838,0
1679031780000,2.838,2.838,2.838,2.838,0
1679031720000,2.838,2.838,2.838,2.838,0
1679031660000,2.838,2.838,2.838,2.838,0
1679031600000,2.838,2.838,2.838,2.838,0
1679031540000,2.838,2.838,2.838,2.838,0
1679031480000,2.838,2.838,2.838,2.838,0
1679031420000,2.838,2.838,2.838,2.838,0
1679031360000,2.838,2.838,2.838,2.838,0
1679031300000,2.838,2.838,2.838,2.838,0
1679031240000,2.838,2.838,2.838,2.838,0
1679031180000,2.838,2.838,2.838,2.838,0
1679031120000,2.838,2.838,2.838,2.838,0
1679031060000,2.838,2.838,2.838,2.838,0
1679031000000,2.838,2.838,2.838,2.838,0
1679030940000,2.832,2.838,2.832,2.838,0.286686
1679030880000,2.827,2.832,2.827,2.832,0.219627
1679030820000,2.827,2.827,2.827,2.827,0
1679030760000,2.827,2.827,2.827,2.827,0
1679030700000,2.842,2.842,2.827,2.827,100
1679030640000,2.842,2.842,2.842,2.842,0
1679030580000,2.842,2.842,2.842,2.842,0
1679030520000,2.856,2.856,2.842,2.842,38.522375
1679030460000,2.87,2.87,2.856,2.856,6.001361
1679030400000,2.87,2.87,2.87,2.87,0
1679030340000,2.87,2.87,2.87,2.87,0
1679030280000,2.87,2.87,2.87,2.87,0
1679030220000,2.87,2.87,2.87,2.87,0
1679030160000,2.87,2.87,2.87,2.87,0
1679030100000,2.87,2.87,2.87,2.87,0
1679030040000,2.87,2.87,2.87,2.87,0