1679107140000,1.36,1.36,1.36,1.36,0
1679107080000,1.36,1.36,1.36,1.36,0
1679107020000,1.36,1.36,1.36,1.36,0
1679106960000,1.36,1.36,1.36,1.36,0
1679106900000,1.36,1.36,1.36,1.36,0
1679106840000,1.36,1.36,1.36,1.36,0
1679106780000,1.36,1.36,1.36,1.36,0
1679106720000,1.36,1.36,1.36,1.36,0
1679106660000,1.36,1.36,1.36,1.36,0
1679106600000,1.36,1.36,1.36,1.36,0
1679106540000,1.36,1.36,1.36,1.36,0
1679106480000,1.36,1.36,1.36,1.36,0
1679106420000,1.36,1.36,1.36,1.36,0
1679106360000,1.36,1.36,1.36,1.36,0
1679106300000,1.36,1.36,1.36,1.36,0
1679106240000,1.36,1.36,1.36,1.36,0
1679106180000,1.36,1.36,1.36,1.36,0
1679106120000,1.36,1.36,1.36,1.36,0
1679106060000,1.36,1.36,1.36,1.36,0
1679106000000,1.36,1.36,1.36,1.36,0
1679105940000,1.36,1.36,1.36,1.36,0
1679105880000,1.36,1.36,1.36,1.36,0
1679105820000,1.36,1.36,1.36,1.36,0
1679105760000,1.36,1.36,1.36,1.36,0
1679105700000,1.36,1.36,1.36,1.36,0
1679105640000,1.36,1.36,1.36,1.36,0
1679105580000,1.36,1.36,1.36,1.36,0
1679105520000,1.36,1.36,1.36,1.36,0
1679105460000,1.36,1.36,1.36,1.36,0
1679105400000,1.36,1.36,1.36,1.36,0
1679105340000,1.36,1.36,1.36,1.36,0
1679105280000,1.36,1.36,1.36,1.36,0
1679105220000,1.36,1.36,1.36,1.36,0
1679105160000,1.36,1.36,1.36,1.36,0
1679105100000,1.36,1.36,1.36,1.36,0
1679105040000,1.36,1.36,1.36,1.36,0
1679104980000,1.36,1.36,1.36,1.36,0
1679104920000,1.36,1.36,1.36,1.36,0
1679104860000,1.36,1.36,1.36,1.36,0
1679104800000,1.36,1.36,1.36,1.36,0
1679104740000,1.36,1.36,1.36,1.36,0
1679104680000,1.36,1.36,1.36,1.36,0
1679104620000,1.36,1.36,1.36,1.36,0
1679104560000,1.36,1.36,1.36,1.36,0
1679104500000,1.36,1.36,1.36,1.36,0
1679104440000,1.36,1.36,1.36,1.36,0
1679104380000,1.36,1.36,1.36,1.36,0
1679104320000,1.36,1.36,1.36,1.36,0
1679104260000,1.36,1.36,1.36,1.36,0
1679104200000,1.36,1.36,1.36,1.36,0
1679104140000,1.36,1.36,1.36,1.36,0
1679104080000,1.36,1.36,1.36,1.36,0
1679104020000,1.36,1.36,1.36,1.36,0
1679103960000,1.36,1.36,1.36,1.36,0
1679103900000,1.36,1.36,1.36,1.36,0
1679103840000,1.36,1.36,1.36,1.36,0
1679103780000,1.36,1.36,1.36,1.36,0
1679103720000,1.36,1.36,1.36,1.36,0
1679103660000,1.36,1.36,1.36,1.36,0
1679103600000,1.36,1.36,1.36,1.36,0
1679103540000,1.36,1.36,1.36,1.36,0
1679103480000,1.36,1.36,1.36,1.36,0
1679103420000,1.36,1.36,1.36,1.36,0
1679103360000,1.36,1.36,1.36,1.36,0
1679103300000,1.36,1.36,1.36,1.36,0
1679103240000,1.36,1.36,1.36,1.36,0
1679103180000,1.36,1.36,1.36,1.36,0
1679103120000,1.36,1.36,1.36,1.36,0
1679103060000,1.36,1.36,1.36,1.36,0
1679103000000,1.36,1.36,1.36,1.36,0
1679102940000,1.36,1.36,1.36,1.36,0
1679102880000,1.36,1.36,1.36,1.36,0
1679102820000,1.36,1.36,1.36,1.36,0
1679102760000,1.36,1.36,1.36,1.36,0
1679102700000,1.36,1.36,1.36,1.36,0
1679102640000,1.36,1.36,1.36,1.36,0
1679102580000,1.36,1.36,1.36,1.36,0
1679102520000,1.36,1.36,1.36,1.36,0
1679102460000,1.36,1.36,1.36,1.36,0
1679102400000,1.36,1.36,1.36,1.36,0
1679102340000,1.36,1.36,1.36,1.36,0
1679102280000,1.36,1.36,1.36,1.36,0
1679102220000,1.36,1.36,1.36,1.36,0
1679102160000,1.36,1.36,1.36,1.36,0
1679102100000,1.36,1.36,1.36,1.36,0
1679102040000,1.36,1.36,1.36,1.36,0
1679101980000,1.36,1.36,1.36,1.36,0
1679101920000,1.36,1.36,1.36,1.36,0
1679101860000,1.36,1.36,1.36,1.36,0
1679101800000,1.36,1.36,1.36,1.36,0
1679101740000,1.36,1.36,1.36,1.36,0
1679101680000,1.36,1.36,1.36,1.36,0
1679101620000,1.36,1.36,1.36,1.36,0
1679101560000,1.36,1.36,1.36,1.36,0
1679101500000,1.36,1.36,1.36,1.36,0
1679101440000,1.36,1.36,1.36,1.36,0
1679101380000,1.36,1.36,1.36,1.36,0
1679101320000,1.36,1.36,1.36,1.36,0
1679101260000,1.36,1.36,1.36,1.36,0
1679101200000,1.36,1.36,1.36,1.36,0
1679101140000,1.36,1.36,1.36,1.36,0
1679101080000,1.36,1.36,1.36,1.36,0
1679101020000,1.36,1.36,1.36,1.36,0
1679100960000,1.36,1.36,1.36,1.36,0
1679100900000,1.36,1.36,1.36,1.36,0
1679100840000,1.36,1.36,1.36,1.36,0
1679100780000,1.36,1.36,1.36,1.36,0
1679100720000,1.36,1.36,1.36,1.36,0
1679100660000,1.36,1.36,1.36,1.36,0
1679100600000,1.36,1.36,1.36,1.36,0
1679100540000,1.36,1.36,1.36,1.36,0
1679100480000,1.36,1.36,1.36,1.36,0
1679100420000,1.36,1.36,1.36,1.36,0
1679100360000,1.36,1.36,1.36,1.36,0
1679100300000,1.36,1.36,1.36,1.36,0
1679100240000,1.36,1.36,1.36,1.36,0
1679100180000,1.36,1.36,1.36,1.36,0
1679100120000,1.36,1.36,1.36,1.36,0
1679100060000,1.36,1.36,1.36,1.36,0
1679100000000,1.36,1.36,1.36,1.36,0
1679099940000,1.36,1.36,1.36,1.36,0
1679099880000,1.36,1.36,1.36,1.36,0
1679099820000,1.36,1.36,1.36,1.36,0
1679099760000,1.36,1.36,1.36,1.36,0
1679099700000,1.36,1.36,1.36,1.36,0
1679099640000,1.36,1.36,1.36,1.36,0
1679099580000,1.36,1.36,1.36,1.36,0
1679099520000,1.36,1.36,1.36,1.36,0
1679099460000,1.36,1.36,1.36,1.36,0
1679099400000,1.36,1.36,1.36,1.36,0
1679099340000,1.36,1.36,1.36,1.36,0
1679099280000,1.36,1.36,1.36,1.36,0
1679099220000,1.36,1.36,1.36,1.36,0
1679099160000,1.36,1.36,1.36,1.36,0
1679099100000,1.36,1.36,1.36,1.36,0
1679099040000,1.36,1.36,1.36,1.36,0
1679098980000,1.36,1.36,1.36,1.36,0
1679098920000,1.36,1.36,1.36,1.36,0
1679098860000,1.36,1.36,1.36,1.36,0
1679098800000,1.36,1.36,1.36,1.36,0
1679098740000,1.36,1.36,1.36,1.36,0
1679098680000,1.36,1.36,1.36,1.36,0
1679098620000,1.36,1.36,1.36,1.36,0
1679098560000,1.36,1.36,1.36,1.36,0
1679098500000,1.36,1.36,1.36,1.36,0
1679098440000,1.36,1.36,1.36,1.36,0
1679098380000,1.36,1.36,1.36,1.36,0
1679098320000,1.36,1.36,1.36,1.36,0
1679098260000,1.36,1.36,1.36,1.36,0
1679098200000,1.36,1.36,1.36,1.36,0
1679098140000,1.36,1.36,1.36,1.36,0
1679098080000,1.36,1.36,1.36,1.36,0
1679098020000,1.36,1.36,1.36,1.36,0
1679097960000,1.36,1.36,1.36,1.36,0
1679097900000,1.36,1.36,1.36,1.36,0
1679097840000,1.36,1.36,1.36,1.36,0
1679097780000,1.36,1.36,1.36,1.36,0
1679097720000,1.36,1.36,1.36,1.36,0
1679097660000,1.36,1.36,1.36,1.36,0
1679097600000,1.36,1.36,1.36,1.36,0
1679097540000,1.36,1.36,1.36,1.36,0
1679097480000,1.36,1.36,1.36,1.36,0
1679097420000,1.36,1.36,1.36,1.36,0
1679097360000,1.36,1.36,1.36,1.36,0
1679097300000,1.36,1.36,1.36,1.36,0
1679097240000,1.36,1.36,1.36,1.36,0
1679097180000,1.36,1.36,1.36,1.36,0
1679097120000,1.36,1.36,1.36,1.36,0
1679097060000,1.36,1.36,1.36,1.36,0
1679097000000,1.36,1.36,1.36,1.36,0
1679096940000,1.36,1.36,1.36,1.36,0
1679096880000,1.36,1.36,1.36,1.36,0
1679096820000,1.36,1.36,1.36,1.36,0
1679096760000,1.36,1.36,1.36,1.36,0
1679096700000,1.36,1.36,1.36,1.36,0
1679096640000,1.36,1.36,1.36,1.36,0
1679096580000,1.36,1.36,1.36,1.36,0
1679096520000,1.36,1.36,1.36,1.36,0
1679096460000,1.36,1.36,1.36,1.36,0
1679096400000,1.36,1.36,1.36,1.36,0
1679096340000,1.36,1.36,1.36,1.36,0
1679096280000,1.36,1.36,1.36,1.36,0
1679096220000,1.36,1.36,1.36,1.36,0
1679096160000,1.36,1.36,1.36,1.36,0
1679096100000,1.36,1.36,1.36,1.36,0
1679096040000,1.36,1.36,1.36,1.36,0
1679095980000,1.36,1.36,1.36,1.36,0
1679095920000,1.36,1.36,1.36,1.36,0
1679095860000,1.36,1.36,1.36,1.36,0
1679095800000,1.36,1.36,1.36,1.36,0
1679095740000,1.36,1.36,1.36,1.36,0
1679095680000,1.36,1.36,1.36,1.36,0
1679095620000,1.36,1.36,1.36,1.36,0
1679095560000,1.36,1.36,1.36,1.36,0
1679095500000,1.36,1.36,1.36,1.36,0
1679095440000,1.36,1.36,1.36,1.36,0
1679095380000,1.36,1.36,1.36,1.36,0
1679095320000,1.36,1.36,1.36,1.36,0
1679095260000,1.36,1.36,1.36,1.36,0
1679095200000,1.36,1.36,1.36,1.36,0
1679095140000,1.36,1.36,1.36,1.36,0
1679095080000,1.36,1.36,1.36,1.36,0
1679095020000,1.36,1.36,1.36,1.36,0
1679094960000,1.36,1.36,1.36,1.36,0
1679094900000,1.36,1.36,1.36,1.36,0
1679094840000,1.36,1.36,1.36,1.36,0
1679094780000,1.36,1.36,1.36,1.36,0
1679094720000,1.36,1.36,1.36,1.36,0
1679094660000,1.36,1.36,1.36,1.36,0
1679094600000,1.36,1.36,1.36,1.36,0
1679094540000,1.36,1.36,1.36,1.36,0
1679094480000,1.36,1.36,1.36,1.36,0
1679094420000,1.36,1.36,1.36,1.36,0
1679094360000,1.36,1.36,1.36,1.36,0
1679094300000,1.36,1.36,1.36,1.36,0
1679094240000,1.36,1.36,1.36,1.36,0
1679094180000,1.36,1.36,1.36,1.36,0
1679094120000,1.36,1.36,1.36,1.36,0
1679094060000,1.36,1.36,1.36,1.36,0
1679094000000,1.36,1.36,1.36,1.36,0
1679093940000,1.36,1.36,1.36,1.36,0
1679093880000,1.36,1.36,1.36,1.36,0
1679093820000,1.36,1.36,1.36,1.36,0
1679093760000,1.36,1.36,1.36,1.36,0
1679093700000,1.36,1.36,1.36,1.36,0
1679093640000,1.36,1.36,1.36,1.36,0
1679093580000,1.36,1.36,1.36,1.36,0
1679093520000,1.36,1.36,1.36,1.36,0
1679093460000,1.36,1.36,1.36,1.36,0
1679093400000,1.36,1.36,1.36,1.36,0
1679093340000,1.36,1.36,1.36,1.36,0
1679093280000,1.36,1.36,1.36,1.36,0
1679093220000,1.36,1.36,1.36,1.36,0
1679093160000,1.36,1.36,1.36,1.36,0
1679093100000,1.36,1.36,1.36,1.36,0
1679093040000,1.36,1.36,1.36,1.36,0
1679092980000,1.36,1.36,1.36,1.36,0
1679092920000,1.36,1.36,1.36,1.36,0
1679092860000,1.36,1.36,1.36,1.36,0
1679092800000,1.36,1.36,1.36,1.36,0
1679092740000,1.36,1.36,1.36,1.36,0
1679092680000,1.36,1.36,1.36,1.36,0
1679092620000,1.36,1.36,1.36,1.36,0
1679092560000,1.36,1.36,1.36,1.36,0
1679092500000,1.36,1.36,1.36,1.36,0
1679092440000,1.36,1.36,1.36,1.36,0
1679092380000,1.36,1.36,1.36,1.36,0
1679092320000,1.36,1.36,1.36,1.36,0
1679092260000,1.36,1.36,1.36,1.36,0
1679092200000,1.36,1.36,1.36,1.36,0
1679092140000,1.36,1.36,1.36,1.36,0
1679092080000,1.36,1.36,1.36,1.36,0
1679092020000,1.36,1.36,1.36,1.36,0
1679091960000,1.36,1.36,1.36,1.36,0
1679091900000,1.36,1.36,1.36,1.36,0
1679091840000,1.36,1.36,1.36,1.36,0
1679091780000,1.36,1.36,1.36,1.36,0
1679091720000,1.36,1.36,1.36,1.36,0
1679091660000,1.36,1.36,1.36,1.36,0
1679091600000,1.36,1.36,1.36,1.36,0
1679091540000,1.36,1.36,1.36,1.36,0
1679091480000,1.36,1.36,1.36,1.36,0
1679091420000,1.36,1.36,1.36,1.36,0
1679091360000,1.36,1.36,1.36,1.36,0
1679091300000,1.36,1.36,1.36,1.36,0
1679091240000,1.36,1.36,1.36,1.36,0
1679091180000,1.36,1.36,1.36,1.36,0
1679091120000,1.36,1.36,1.36,1.36,0
1679091060000,1.36,1.36,1.36,1.36,0
1679091000000,1.36,1.36,1.36,1.36,0
1679090940000,1.36,1.36,1.36,1.36,0
1679090880000,1.36,1.36,1.36,1.36,0
1679090820000,1.36,1.36,1.36,1.36,0
1679090760000,1.36,1.36,1.36,1.36,0
1679090700000,1.36,1.36,1.36,1.36,0
1679090640000,1.36,1.36,1.36,1.36,0
1679090580000,1.36,1.36,1.36,1.36,0
1679090520000,1.36,1.36,1.36,1.36,0
1679090460000,1.36,1.36,1.36,1.36,0
1679090400000,1.36,1.36,1.36,1.36,0
1679090340000,1.36,1.36,1.36,1.36,0
1679090280000,1.36,1.36,1.36,1.36,0
1679090220000,1.36,1.36,1.36,1.36,0
1679090160000,1.36,1.36,1.36,1.36,0
1679090100000,1.36,1.36,1.36,1.36,0
1679090040000,1.36,1.36,1.36,1.36,0
1679089980000,1.36,1.36,1.36,1.36,0
1679089920000,1.36,1.36,1.36,1.36,0
1679089860000,1.36,1.36,1.36,1.36,0
1679089800000,1.36,1.36,1.36,1.36,0
1679089740000,1.36,1.36,1.36,1.36,0
1679089680000,1.36,1.36,1.36,1.36,0
1679089620000,1.36,1.36,1.36,1.36,0
1679089560000,1.36,1.36,1.36,1.36,0
1679089500000,1.36,1.36,1.36,1.36,0
1679089440000,1.36,1.36,1.36,1.36,0
1679089380000,1.36,1.36,1.36,1.36,0
1679089320000,1.36,1.36,1.36,1.36,0
1679089260000,1.36,1.36,1.36,1.36,0
1679089200000,1.36,1.36,1.36,1.36,0
1679089140000,1.36,1.36,1.36,1.36,0
1679089080000,1.36,1.36,1.36,1.36,0
1679089020000,1.36,1.36,1.36,1.36,0
1679088960000,1.36,1.36,1.36,1.36,0
1679088900000,1.36,1.36,1.36,1.36,0
1679088840000,1.36,1.36,1.36,1.36,0
1679088780000,1.36,1.36,1.36,1.36,0
1679088720000,1.36,1.36,1.36,1.36,0
1679088660000,1.36,1.36,1.36,1.36,0
1679088600000,1.36,1.36,1.36,1.36,0
1679088540000,1.36,1.36,1.36,1.36,0
1679088480000,1.36,1.36,1.36,1.36,0
1679088420000,1.36,1.36,1.36,1.36,0
1679088360000,1.36,1.36,1.36,1.36,0
1679088300000,1.36,1.36,1.36,1.36,0
1679088240000,1.36,1.36,1.36,1.36,0
1679088180000,1.36,1.36,1.36,1.36,0
1679088120000,1.36,1.36,1.36,1.36,0
1679088060000,1.36,1.36,1.36,1.36,0
1679088000000,1.36,1.36,1.36,1.36,0
1679087940000,1.36,1.36,1.36,1.36,0
1679087880000,1.36,1.36,1.36,1.36,0
1679087820000,1.36,1.36,1.36,1.36,0
1679087760000,1.36,1.36,1.36,1.36,0
1679087700000,1.36,1.36,1.36,1.36,0
1679087640000,1.36,1.36,1.36,1.36,0
1679087580000,1.36,1.36,1.36,1.36,0
1679087520000,1.36,1.36,1.36,1.36,0
1679087460000,1.36,1.36,1.36,1.36,0
1679087400000,1.36,1.36,1.36,1.36,0
1679087340000,1.36,1.36,1.36,1.36,0
1679087280000,1.36,1.36,1.36,1.36,0
1679087220000,1.36,1.36,1.36,1.36,0
1679087160000,1.36,1.36,1.36,1.36,0
1679087100000,1.36,1.36,1.36,1.36,0
1679087040000,1.36,1.36,1.36,1.36,0
1679086980000,1.36,1.36,1.36,1.36,0
1679086920000,1.36,1.36,1.36,1.36,0
1679086860000,1.36,1.36,1.36,1.36,0
1679086800000,1.36,1.36,1.36,1.36,0
1679086740000,1.36,1.36,1.36,1.36,0
1679086680000,1.36,1.36,1.36,1.36,0
1679086620000,1.36,1.36,1.36,1.36,0
1679086560000,1.36,1.36,1.36,1.36,0
1679086500000,1.36,1.36,1.36,1.36,0
1679086440000,1.36,1.36,1.36,1.36,0
1679086380000,1.36,1.36,1.36,1.36,0
1679086320000,1.36,1.36,1.36,1.36,0
1679086260000,1.36,1.36,1.36,1.36,0
1679086200000,1.36,1.36,1.36,1.36,0
1679086140000,1.36,1.36,1.36,1.36,0
1679086080000,1.36,1.36,1.36,1.36,0
1679086020000,1.36,1.36,1.36,1.36,0
1679085960000,1.36,1.36,1.36,1.36,0
1679085900000,1.36,1.36,1.36,1.36,0
1679085840000,1.36,1.36,1.36,1.36,0
1679085780000,1.36,1.36,1.36,1.36,0
1679085720000,1.36,1.36,1.36,1.36,0
1679085660000,1.36,1.36,1.36,1.36,0
1679085600000,1.36,1.36,1.36,1.36,0
1679085540000,1.36,1.36,1.36,1.36,0
1679085480000,1.36,1.36,1.36,1.36,0
1679085420000,1.36,1.36,1.36,1.36,0
1679085360000,1.36,1.36,1.36,1.36,0
1679085300000,1.36,1.36,1.36,1.36,0
1679085240000,1.36,1.36,1.36,1.36,0
1679085180000,1.36,1.36,1.36,1.36,0
1679085120000,1.36,1.36,1.36,1.36,0
1679085060000,1.36,1.36,1.36,1.36,0
1679085000000,1.36,1.36,1.36,1.36,0
1679084940000,1.36,1.36,1.36,1.36,0
1679084880000,1.36,1.36,1.36,1.36,0
1679084820000,1.36,1.36,1.36,1.36,0
1679084760000,1.36,1.36,1.36,1.36,0
1679084700000,1.36,1.36,1.36,1.36,0
1679084640000,1.36,1.36,1.36,1.36,0
1679084580000,1.36,1.36,1.36,1.36,0
1679084520000,1.36,1.36,1.36,1.36,0
1679084460000,1.36,1.36,1.36,1.36,0
1679084400000,1.36,1.36,1.36,1.36,0
1679084340000,1.36,1.36,1.36,1.36,0
1679084280000,1.36,1.36,1.36,1.36,0
1679084220000,1.36,1.36,1.36,1.36,0
1679084160000,1.36,1.36,1.36,1.36,0
1679084100000,1.36,1.36,1.36,1.36,0
1679084040000,1.36,1.36,1.36,1.36,0
1679083980000,1.36,1.36,1.36,1.36,0
1679083920000,1.36,1.36,1.36,1.36,0
1679083860000,1.36,1.36,1.36,1.36,0
1679083800000,1.36,1.36,1.36,1.36,0
1679083740000,1.36,1.36,1.36,1.36,0
1679083680000,1.36,1.36,1.36,1.36,0
1679083620000,1.36,1.36,1.36,1.36,0
1679083560000,1.36,1.36,1.36,1.36,0
1679083500000,1.36,1.36,1.36,1.36,0
1679083440000,1.36,1.36,1.36,1.36,0
1679083380000,1.36,1.36,1.36,1.36,0
1679083320000,1.36,1.36,1.36,1.36,0
1679083260000,1.36,1.36,1.36,1.36,0
1679083200000,1.36,1.36,1.36,1.36,0
1679083140000,1.36,1.36,1.36,1.36,0
1679083080000,1.36,1.36,1.36,1.36,0
1679083020000,1.36,1.36,1.36,1.36,0
1679082960000,1.36,1.36,1.36,1.36,0
1679082900000,1.36,1.36,1.36,1.36,0
1679082840000,1.36,1.36,1.36,1.36,0
1679082780000,1.36,1.36,1.36,1.36,0
1679082720000,1.36,1.36,1.36,1.36,0
1679082660000,1.36,1.36,1.36,1.36,0
1679082600000,1.36,1.36,1.36,1.36,0
1679082540000,1.36,1.36,1.36,1.36,0
1679082480000,1.36,1.36,1.36,1.36,0
1679082420000,1.36,1.36,1.36,1.36,0
1679082360000,1.36,1.36,1.36,1.36,0
1679082300000,1.36,1.36,1.36,1.36,0
1679082240000,1.36,1.36,1.36,1.36,0
1679082180000,1.36,1.36,1.36,1.36,0
1679082120000,1.36,1.36,1.36,1.36,0
1679082060000,1.36,1.36,1.36,1.36,0
1679082000000,1.36,1.36,1.36,1.36,0
1679081940000,1.36,1.36,1.36,1.36,0
1679081880000,1.36,1.36,1.36,1.36,0
1679081820000,1.36,1.36,1.36,1.36,0
1679081760000,1.36,1.36,1.36,1.36,0
1679081700000,1.36,1.36,1.36,1.36,0
1679081640000,1.36,1.36,1.36,1.36,0
1679081580000,1.36,1.36,1.36,1.36,0
1679081520000,1.36,1.36,1.36,1.36,0
1679081460000,1.36,1.36,1.36,1.36,0
1679081400000,1.36,1.36,1.36,1.36,0
1679081340000,1.36,1.36,1.36,1.36,0
1679081280000,1.36,1.36,1.36,1.36,0
1679081220000,1.36,1.36,1.36,1.36,0
1679081160000,1.36,1.36,1.36,1.36,0
1679081100000,1.36,1.36,1.36,1.36,0
1679081040000,1.36,1.36,1.36,1.36,0
1679080980000,1.36,1.36,1.36,1.36,0
1679080920000,1.36,1.36,1.36,1.36,0
1679080860000,1.36,1.36,1.36,1.36,0
1679080800000,1.36,1.36,1.36,1.36,0
1679080740000,1.36,1.36,1.36,1.36,0
1679080680000,1.36,1.36,1.36,1.36,0
1679080620000,1.36,1.36,1.36,1.36,0
1679080560000,1.36,1.36,1.36,1.36,0
1679080500000,1.36,1.36,1.36,1.36,0
1679080440000,1.36,1.36,1.36,1.36,0
1679080380000,1.36,1.36,1.36,1.36,0
1679080320000,1.36,1.36,1.36,1.36,0
1679080260000,1.36,1.36,1.36,1.36,0
1679080200000,1.36,1.36,1.36,1.36,0
1679080140000,1.36,1.36,1.36,1.36,0
1679080080000,1.36,1.36,1.36,1.36,0
1679080020000,1.36,1.36,1.36,1.36,0
1679079960000,1.36,1.36,1.36,1.36,0
1679079900000,1.36,1.36,1.36,1.36,0
1679079840000,1.36,1.36,1.36,1.36,0
1679079780000,1.36,1.36,1.36,1.36,0
1679079720000,1.36,1.36,1.36,1.36,0
1679079660000,1.36,1.36,1.36,1.36,0
1679079600000,1.36,1.36,1.36,1.36,0
1679079540000,1.36,1.36,1.36,1.36,0
1679079480000,1.36,1.36,1.36,1.36,0
1679079420000,1.36,1.36,1.36,1.36,0
1679079360000,1.36,1.36,1.36,1.36,0
1679079300000,1.36,1.36,1.36,1.36,0
1679079240000,1.36,1.36,1.36,1.36,0
1679079180000,1.36,1.36,1.36,1.36,0
1679079120000,1.36,1.36,1.36,1.36,0
1679079060000,1.36,1.36,1.36,1.36,0
1679079000000,1.36,1.36,1.36,1.36,0
1679078940000,1.36,1.36,1.36,1.36,0
1679078880000,1.36,1.36,1.36,1.36,0
1679078820000,1.36,1.36,1.36,1.36,0
1679078760000,1.36,1.36,1.36,1.36,0
1679078700000,1.36,1.36,1.36,1.36,0
1679078640000,1.36,1.36,1.36,1.36,0
1679078580000,1.36,1.36,1.36,1.36,0
1679078520000,1.36,1.36,1.36,1.36,0
1679078460000,1.36,1.36,1.36,1.36,0
1679078400000,1.36,1.36,1.36,1.36,0
1679078340000,1.36,1.36,1.36,1.36,0
1679078280000,1.36,1.36,1.36,1.36,0
1679078220000,1.36,1.36,1.36,1.36,0
1679078160000,1.36,1.36,1.36,1.36,0
1679078100000,1.36,1.36,1.36,1.36,0
1679078040000,1.36,1.36,1.36,1.36,0
1679077980000,1.36,1.36,1.36,1.36,0
1679077920000,1.36,1.36,1.36,1.36,0
1679077860000,1.36,1.36,1.36,1.36,0
1679077800000,1.36,1.36,1.36,1.36,0
1679077740000,1.36,1.36,1.36,1.36,0
1679077680000,1.36,1.36,1.36,1.36,0
1679077620000,1.36,1.36,1.36,1.36,0
1679077560000,1.36,1.36,1.36,1.36,0
1679077500000,1.36,1.36,1.36,1.36,0
1679077440000,1.36,1.36,1.36,1.36,0
1679077380000,1.36,1.36,1.36,1.36,0
1679077320000,1.36,1.36,1.36,1.36,0
1679077260000,1.36,1.36,1.36,1.36,0
1679077200000,1.36,1.36,1.36,1.36,0
1679077140000,1.36,1.36,1.36,1.36,0
1679077080000,1.36,1.36,1.36,1.36,0
1679077020000,1.36,1.36,1.36,1.36,0
1679076960000,1.36,1.36,1.36,1.36,0
1679076900000,1.36,1.36,1.36,1.36,0
1679076840000,1.36,1.36,1.36,1.36,0
1679076780000,1.36,1.36,1.36,1.36,0
1679076720000,1.36,1.36,1.36,1.36,0
1679076660000,1.36,1.36,1.36,1.36,0
1679076600000,1.36,1.36,1.36,1.36,0
1679076540000,1.36,1.36,1.36,1.36,0
1679076480000,1.36,1.36,1.36,1.36,0
1679076420000,1.36,1.36,1.36,1.36,0
1679076360000,1.36,1.36,1.36,1.36,0
1679076300000,1.36,1.36,1.36,1.36,0
1679076240000,1.36,1.36,1.36,1.36,0
1679076180000,1.36,1.36,1.36,1.36,0
1679076120000,1.36,1.36,1.36,1.36,0
1679076060000,1.36,1.36,1.36,1.36,0
1679076000000,1.36,1.36,1.36,1.36,0
1679075940000,1.36,1.36,1.36,1.36,0
1679075880000,1.36,1.36,1.36,1.36,0
1679075820000,1.36,1.36,1.36,1.36,0
1679075760000,1.36,1.36,1.36,1.36,0
1679075700000,1.36,1.36,1.36,1.36,0
1679075640000,1.36,1.36,1.36,1.36,0
1679075580000,1.36,1.36,1.36,1.36,0
1679075520000,1.36,1.36,1.36,1.36,0
1679075460000,1.36,1.36,1.36,1.36,0
1679075400000,1.36,1.36,1.36,1.36,0
1679075340000,1.36,1.36,1.36,1.36,0
1679075280000,1.36,1.36,1.36,1.36,0
1679075220000,1.36,1.36,1.36,1.36,0
1679075160000,1.36,1.36,1.36,1.36,0
1679075100000,1.36,1.36,1.36,1.36,0
1679075040000,1.36,1.36,1.36,1.36,0
1679074980000,1.36,1.36,1.36,1.36,0
1679074920000,1.36,1.36,1.36,1.36,0
1679074860000,1.36,1.36,1.36,1.36,0
1679074800000,1.36,1.36,1.36,1.36,0
1679074740000,1.36,1.36,1.36,1.36,0
1679074680000,1.36,1.36,1.36,1.36,0
1679074620000,1.36,1.36,1.36,1.36,0
1679074560000,1.36,1.36,1.36,1.36,0
1679074500000,1.36,1.36,1.36,1.36,0
1679074440000,1.36,1.36,1.36,1.36,0
1679074380000,1.36,1.36,1.36,1.36,0
1679074320000,1.36,1.36,1.36,1.36,0
1679074260000,1.36,1.36,1.36,1.36,0
1679074200000,1.36,1.36,1.36,1.36,0
1679074140000,1.36,1.36,1.36,1.36,0
1679074080000,1.36,1.36,1.36,1.36,0
1679074020000,1.36,1.36,1.36,1.36,0
1679073960000,1.36,1.36,1.36,1.36,0
1679073900000,1.36,1.36,1.36,1.36,0
1679073840000,1.36,1.36,1.36,1.36,0
1679073780000,1.36,1.36,1.36,1.36,0
1679073720000,1.36,1.36,1.36,1.36,0
1679073660000,1.36,1.36,1.36,1.36,0
1679073600000,1.36,1.36,1.36,1.36,0
1679073540000,1.36,1.36,1.36,1.36,0
1679073480000,1.36,1.36,1.36,1.36,0
1679073420000,1.36,1.36,1.36,1.36,0
1679073360000,1.36,1.36,1.36,1.36,0
1679073300000,1.36,1.36,1.36,1.36,0
1679073240000,1.36,1.36,1.36,1.36,0
1679073180000,1.36,1.36,1.36,1.36,0
1679073120000,1.36,1.36,1.36,1.36,0
1679073060000,1.36,1.36,1.36,1.36,0
1679073000000,1.36,1.36,1.36,1.36,0
1679072940000,1.36,1.36,1.36,1.36,0
1679072880000,1.36,1.36,1.36,1.36,0
1679072820000,1.36,1.36,1.36,1.36,0
1679072760000,1.36,1.36,1.36,1.36,0
1679072700000,1.36,1.36,1.36,1.36,0
1679072640000,1.36,1.36,1.36,1.36,0
1679072580000,1.36,1.36,1.36,1.36,0
1679072520000,1.36,1.36,1.36,1.36,0
1679072460000,1.36,1.36,1.36,1.36,0
1679072400000,1.36,1.36,1.36,1.36,0
1679072340000,1.36,1.36,1.36,1.36,0
1679072280000,1.36,1.36,1.36,1.36,0
1679072220000,1.36,1.36,1.36,1.36,0
1679072160000,1.36,1.36,1.36,1.36,0
1679072100000,1.36,1.36,1.36,1.36,0
1679072040000,1.36,1.36,1.36,1.36,0
1679071980000,1.36,1.36,1.36,1.36,0
1679071920000,1.36,1.36,1.36,1.36,0
1679071860000,1.36,1.36,1.36,1.36,0
1679071800000,1.36,1.36,1.36,1.36,0
1679071740000,1.36,1.36,1.36,1.36,0
1679071680000,1.36,1.36,1.36,1.36,0
1679071620000,1.36,1.36,1.36,1.36,0
1679071560000,1.36,1.36,1.36,1.36,0
1679071500000,1.36,1.36,1.36,1.36,0
1679071440000,1.36,1.36,1.36,1.36,0
1679071380000,1.36,1.36,1.36,1.36,0
1679071320000,1.36,1.36,1.36,1.36,0
1679071260000,1.36,1.36,1.36,1.36,0
1679071200000,1.36,1.36,1.36,1.36,0
1679071140000,1.36,1.36,1.36,1.36,0
1679071080000,1.36,1.36,1.36,1.36,0
1679071020000,1.36,1.36,1.36,1.36,0
1679070960000,1.36,1.36,1.36,1.36,0
1679070900000,1.36,1.36,1.36,1.36,0
1679070840000,1.36,1.36,1.36,1.36,0
1679070780000,1.36,1.36,1.36,1.36,0
1679070720000,1.36,1.36,1.36,1.36,0
1679070660000,1.36,1.36,1.36,1.36,0
1679070600000,1.36,1.36,1.36,1.36,0
1679070540000,1.36,1.36,1.36,1.36,0
1679070480000,1.36,1.36,1.36,1.36,0
1679070420000,1.36,1.36,1.36,1.36,0
1679070360000,1.36,1.36,1.36,1.36,0
1679070300000,1.36,1.36,1.36,1.36,0
1679070240000,1.36,1.36,1.36,1.36,0
1679070180000,1.36,1.36,1.36,1.36,0
1679070120000,1.36,1.36,1.36,1.36,0
1679070060000,1.36,1.36,1.36,1.36,0
1679070000000,1.36,1.36,1.36,1.36,0
1679069940000,1.36,1.36,1.36,1.36,0
1679069880000,1.36,1.36,1.36,1.36,0
1679069820000,1.36,1.36,1.36,1.36,0
1679069760000,1.36,1.36,1.36,1.36,0
1679069700000,1.36,1.36,1.36,1.36,0
1679069640000,1.36,1.36,1.36,1.36,0
1679069580000,1.36,1.36,1.36,1.36,0
1679069520000,1.36,1.36,1.36,1.36,0
1679069460000,1.36,1.36,1.36,1.36,0
1679069400000,1.36,1.36,1.36,1.36,0
1679069340000,1.36,1.36,1.36,1.36,0
1679069280000,1.36,1.36,1.36,1.36,0
1679069220000,1.36,1.36,1.36,1.36,0
1679069160000,1.36,1.36,1.36,1.36,0
1679069100000,1.36,1.36,1.36,1.36,0
1679069040000,1.36,1.36,1.36,1.36,0
1679068980000,1.36,1.36,1.36,1.36,0
1679068920000,1.36,1.36,1.36,1.36,0
1679068860000,1.36,1.36,1.36,1.36,0
1679068800000,1.36,1.36,1.36,1.36,0
1679068740000,1.36,1.36,1.36,1.36,0
1679068680000,1.36,1.36,1.36,1.36,0
1679068620000,1.36,1.36,1.36,1.36,0
1679068560000,1.36,1.36,1.36,1.36,0
1679068500000,1.36,1.36,1.36,1.36,0
1679068440000,1.36,1.36,1.36,1.36,0
1679068380000,1.36,1.36,1.36,1.36,0
1679068320000,1.36,1.36,1.36,1.36,0
1679068260000,1.36,1.36,1.36,1.36,0
1679068200000,1.36,1.36,1.36,1.36,0
1679068140000,1.36,1.36,1.36,1.36,0
1679068080000,1.36,1.36,1.36,1.36,0
1679068020000,1.36,1.36,1.36,1.36,0
1679067960000,1.36,1.36,1.36,1.36,0
1679067900000,1.36,1.36,1.36,1.36,0
1679067840000,1.36,1.36,1.36,1.36,0
1679067780000,1.36,1.36,1.36,1.36,0
1679067720000,1.36,1.36,1.36,1.36,0
1679067660000,1.36,1.36,1.36,1.36,0
1679067600000,1.36,1.36,1.36,1.36,0
1679067540000,1.36,1.36,1.36,1.36,0
1679067480000,1.36,1.36,1.36,1.36,0
1679067420000,1.36,1.36,1.36,1.36,0
1679067360000,1.36,1.36,1.36,1.36,0
1679067300000,1.36,1.36,1.36,1.36,0
1679067240000,1.36,1.36,1.36,1.36,0
1679067180000,1.36,1.36,1.36,1.36,0
1679067120000,1.36,1.36,1.36,1.36,0
1679067060000,1.36,1.36,1.36,1.36,0
1679067000000,1.36,1.36,1.36,1.36,0
1679066940000,1.36,1.36,1.36,1.36,0
1679066880000,1.36,1.36,1.36,1.36,0
1679066820000,1.36,1.36,1.36,1.36,0
1679066760000,1.36,1.36,1.36,1.36,0
1679066700000,1.36,1.36,1.36,1.36,0
1679066640000,1.36,1.36,1.36,1.36,0
1679066580000,1.36,1.36,1.36,1.36,0
1679066520000,1.36,1.36,1.36,1.36,0
1679066460000,1.36,1.36,1.36,1.36,0
1679066400000,1.36,1.36,1.36,1.36,0
1679066340000,1.36,1.36,1.36,1.36,0
1679066280000,1.36,1.36,1.36,1.36,0
1679066220000,1.36,1.36,1.36,1.36,0
1679066160000,1.36,1.36,1.36,1.36,0
1679066100000,1.36,1.36,1.36,1.36,0
1679066040000,1.36,1.36,1.36,1.36,0
1679065980000,1.36,1.36,1.36,1.36,0
1679065920000,1.36,1.36,1.36,1.36,0
1679065860000,1.36,1.36,1.36,1.36,0
1679065800000,1.36,1.36,1.36,1.36,0
1679065740000,1.36,1.36,1.36,1.36,0
1679065680000,1.36,1.36,1.36,1.36,0
1679065620000,1.36,1.36,1.36,1.36,0
1679065560000,1.36,1.36,1.36,1.36,0
1679065500000,1.36,1.36,1.36,1.36,0
1679065440000,1.36,1.36,1.36,1.36,0
1679065380000,1.36,1.36,1.36,1.36,0
1679065320000,1.36,1.36,1.36,1.36,0
1679065260000,1.36,1.36,1.36,1.36,0
1679065200000,1.36,1.36,1.36,1.36,0
1679065140000,1.36,1.36,1.36,1.36,0
1679065080000,1.36,1.36,1.36,1.36,0
1679065020000,1.36,1.36,1.36,1.36,0
1679064960000,1.36,1.36,1.36,1.36,0
1679064900000,1.36,1.36,1.36,1.36,0
1679064840000,1.36,1.36,1.36,1.36,0
1679064780000,1.36,1.36,1.36,1.36,0
1679064720000,1.36,1.36,1.36,1.36,0
1679064660000,1.36,1.36,1.36,1.36,0
1679064600000,1.36,1.36,1.36,1.36,0
1679064540000,1.36,1.36,1.36,1.36,0
1679064480000,1.36,1.36,1.36,1.36,0
1679064420000,1.36,1.36,1.36,1.36,0
1679064360000,1.36,1.36,1.36,1.36,0
1679064300000,1.36,1.36,1.36,1.36,0
1679064240000,1.36,1.36,1.36,1.36,0
1679064180000,1.36,1.36,1.36,1.36,0
1679064120000,1.36,1.36,1.36,1.36,0
1679064060000,1.36,1.36,1.36,1.36,0
1679064000000,1.36,1.36,1.36,1.36,0
1679063940000,1.36,1.36,1.36,1.36,0
1679063880000,1.36,1.36,1.36,1.36,0
1679063820000,1.36,1.36,1.36,1.36,0
1679063760000,1.36,1.36,1.36,1.36,0
1679063700000,1.36,1.36,1.36,1.36,0
1679063640000,1.36,1.36,1.36,1.36,0
1679063580000,1.36,1.36,1.36,1.36,0
1679063520000,1.36,1.36,1.36,1.36,0
1679063460000,1.36,1.36,1.36,1.36,0
1679063400000,1.36,1.36,1.36,1.36,0
1679063340000,1.36,1.36,1.36,1.36,0
1679063280000,1.36,1.36,1.36,1.36,0
1679063220000,1.36,1.36,1.36,1.36,0
1679063160000,1.36,1.36,1.36,1.36,0
1679063100000,1.36,1.36,1.36,1.36,0
1679063040000,1.36,1.36,1.36,1.36,0
1679062980000,1.36,1.36,1.36,1.36,0
1679062920000,1.36,1.36,1.36,1.36,0
1679062860000,1.36,1.36,1.36,1.36,0
1679062800000,1.36,1.36,1.36,1.36,0
1679062740000,1.36,1.36,1.36,1.36,0
1679062680000,1.36,1.36,1.36,1.36,0
1679062620000,1.36,1.36,1.36,1.36,0
1679062560000,1.36,1.36,1.36,1.36,0
1679062500000,1.36,1.36,1.36,1.36,0
1679062440000,1.36,1.36,1.36,1.36,0
1679062380000,1.36,1.36,1.36,1.36,0
1679062320000,1.36,1.36,1.36,1.36,0
1679062260000,1.36,1.36,1.36,1.36,0
1679062200000,1.36,1.36,1.36,1.36,0
1679062140000,1.36,1.36,1.36,1.36,0
1679062080000,1.36,1.36,1.36,1.36,0
1679062020000,1.36,1.36,1.36,1.36,0
1679061960000,1.36,1.36,1.36,1.36,0
1679061900000,1.36,1.36,1.36,1.36,0
1679061840000,1.36,1.36,1.36,1.36,0
1679061780000,1.36,1.36,1.36,1.36,0
1679061720000,1.36,1.36,1.36,1.36,0
1679061660000,1.36,1.36,1.36,1.36,0
1679061600000,1.36,1.36,1.36,1.36,0
1679061540000,1.36,1.36,1.36,1.36,0
1679061480000,1.36,1.36,1.36,1.36,0
1679061420000,1.36,1.36,1.36,1.36,0
1679061360000,1.36,1.36,1.36,1.36,0
1679061300000,1.36,1.36,1.36,1.36,0
1679061240000,1.36,1.36,1.36,1.36,0
1679061180000,1.36,1.36,1.36,1.36,0
1679061120000,1.36,1.36,1.36,1.36,0
1679061060000,1.36,1.36,1.36,1.36,0
1679061000000,1.36,1.36,1.36,1.36,0
1679060940000,1.36,1.36,1.36,1.36,0
1679060880000,1.36,1.36,1.36,1.36,0
1679060820000,1.36,1.36,1.36,1.36,0
1679060760000,1.36,1.36,1.36,1.36,0
1679060700000,1.36,1.36,1.36,1.36,0
1679060640000,1.36,1.36,1.36,1.36,0
1679060580000,1.36,1.36,1.36,1.36,0
1679060520000,1.36,1.36,1.36,1.36,0
1679060460000,1.36,1.36,1.36,1.36,0
1679060400000,1.36,1.36,1.36,1.36,0
1679060340000,1.36,1.36,1.36,1.36,0
1679060280000,1.36,1.36,1.36,1.36,0
1679060220000,1.36,1.36,1.36,1.36,0
1679060160000,1.36,1.36,1.36,1.36,0
1679060100000,1.36,1.36,1.36,1.36,0
1679060040000,1.36,1.36,1.36,1.36,0
1679059980000,1.36,1.36,1.36,1.36,0
1679059920000,1.36,1.36,1.36,1.36,0
1679059860000,1.36,1.36,1.36,1.36,0
1679059800000,1.36,1.36,1.36,1.36,0
1679059740000,1.36,1.36,1.36,1.36,0
1679059680000,1.36,1.36,1.36,1.36,0
1679059620000,1.36,1.36,1.36,1.36,0
1679059560000,1.36,1.36,1.36,1.36,0
1679059500000,1.36,1.36,1.36,1.36,0
1679059440000,1.36,1.36,1.36,1.36,0
1679059380000,1.36,1.36,1.36,1.36,0
1679059320000,1.36,1.36,1.36,1.36,0
1679059260000,1.36,1.36,1.36,1.36,0
1679059200000,1.36,1.36,1.36,1.36,0
1679059140000,1.36,1.36,1.36,1.36,0
1679059080000,1.36,1.36,1.36,1.36,0
1679059020000,1.36,1.36,1.36,1.36,0
1679058960000,1.36,1.36,1.36,1.36,0
1679058900000,1.36,1.36,1.36,1.36,0
1679058840000,1.36,1.36,1.36,1.36,0
1679058780000,1.36,1.36,1.36,1.36,0
1679058720000,1.36,1.36,1.36,1.36,0
1679058660000,1.36,1.36,1.36,1.36,0
1679058600000,1.36,1.36,1.36,1.36,0
1679058540000,1.36,1.36,1.36,1.36,0
1679058480000,1.36,1.36,1.36,1.36,0
1679058420000,1.36,1.36,1.36,1.36,0
1679058360000,1.36,1.36,1.36,1.36,0
1679058300000,1.36,1.36,1.36,1.36,0
1679058240000,1.36,1.36,1.36,1.36,0
1679058180000,1.36,1.36,1.36,1.36,0
1679058120000,1.36,1.36,1.36,1.36,0
1679058060000,1.36,1.36,1.36,1.36,0
1679058000000,1.36,1.36,1.36,1.36,0
1679057940000,1.36,1.36,1.36,1.36,0
1679057880000,1.36,1.36,1.36,1.36,0
1679057820000,1.36,1.36,1.36,1.36,0
1679057760000,1.36,1.36,1.36,1.36,0
1679057700000,1.36,1.36,1.36,1.36,0
1679057640000,1.36,1.36,1.36,1.36,0
1679057580000,1.36,1.36,1.36,1.36,0
1679057520000,1.36,1.36,1.36,1.36,0
1679057460000,1.36,1.36,1.36,1.36,0
1679057400000,1.36,1.36,1.36,1.36,0
1679057340000,1.36,1.36,1.36,1.36,0
1679057280000,1.36,1.36,1.36,1.36,0
1679057220000,1.36,1.36,1.36,1.36,0
1679057160000,1.36,1.36,1.36,1.36,0
1679057100000,1.36,1.36,1.36,1.36,0
1679057040000,1.36,1.36,1.36,1.36,0
1679056980000,1.36,1.36,1.36,1.36,0
1679056920000,1.36,1.36,1.36,1.36,0
1679056860000,1.36,1.36,1.36,1.36,0
1679056800000,1.36,1.36,1.36,1.36,0
1679056740000,1.36,1.36,1.36,1.36,0
1679056680000,1.36,1.36,1.36,1.36,0
1679056620000,1.36,1.36,1.36,1.36,0
1679056560000,1.36,1.36,1.36,1.36,0
1679056500000,1.36,1.36,1.36,1.36,0
1679056440000,1.36,1.36,1.36,1.36,0
1679056380000,1.36,1.36,1.36,1.36,0
1679056320000,1.36,1.36,1.36,1.36,0
1679056260000,1.36,1.36,1.36,1.36,0
1679056200000,1.36,1.36,1.36,1.36,0
1679056140000,1.36,1.36,1.36,1.36,0
1679056080000,1.36,1.36,1.36,1.36,0
1679056020000,1.36,1.36,1.36,1.36,0
1679055960000,1.36,1.36,1.36,1.36,0
1679055900000,1.36,1.36,1.36,1.36,0
1679055840000,1.36,1.36,1.36,1.36,0
1679055780000,1.36,1.36,1.36,1.36,0
1679055720000,1.36,1.36,1.36,1.36,0
1679055660000,1.36,1.36,1.36,1.36,0
1679055600000,1.36,1.36,1.36,1.36,0
1679055540000,1.36,1.36,1.36,1.36,0
1679055480000,1.36,1.36,1.36,1.36,0
1679055420000,1.36,1.36,1.36,1.36,0
1679055360000,1.36,1.36,1.36,1.36,0
1679055300000,1.36,1.36,1.36,1.36,0
1679055240000,1.36,1.36,1.36,1.36,0
1679055180000,1.36,1.36,1.36,1.36,0
1679055120000,1.36,1.36,1.36,1.36,0
1679055060000,1.36,1.36,1.36,1.36,0
1679055000000,1.36,1.36,1.36,1.36,0
1679054940000,1.36,1.36,1.36,1.36,0
1679054880000,1.36,1.36,1.36,1.36,0
1679054820000,1.36,1.36,1.36,1.36,0
1679054760000,1.36,1.36,1.36,1.36,0
1679054700000,1.36,1.36,1.36,1.36,0
1679054640000,1.36,1.36,1.36,1.36,0
1679054580000,1.36,1.36,1.36,1.36,0
1679054520000,1.36,1.36,1.36,1.36,0
1679054460000,1.36,1.36,1.36,1.36,0
1679054400000,1.36,1.36,1.36,1.36,0
1679054340000,1.36,1.36,1.36,1.36,0
1679054280000,1.36,1.36,1.36,1.36,0
1679054220000,1.36,1.36,1.36,1.36,0
1679054160000,1.36,1.36,1.36,1.36,0
1679054100000,1.36,1.36,1.36,1.36,0
1679054040000,1.36,1.36,1.36,1.36,0
1679053980000,1.36,1.36,1.36,1.36,0
1679053920000,1.36,1.36,1.36,1.36,0
1679053860000,1.36,1.36,1.36,1.36,0
1679053800000,1.36,1.36,1.36,1.36,0
1679053740000,1.36,1.36,1.36,1.36,0
1679053680000,1.36,1.36,1.36,1.36,0
1679053620000,1.36,1.36,1.36,1.36,0
1679053560000,1.36,1.36,1.36,1.36,0
1679053500000,1.36,1.36,1.36,1.36,0
1679053440000,1.36,1.36,1.36,1.36,0
1679053380000,1.36,1.36,1.36,1.36,0
1679053320000,1.36,1.36,1.36,1.36,0
1679053260000,1.36,1.36,1.36,1.36,0
1679053200000,1.36,1.36,1.36,1.36,0
1679053140000,1.36,1.36,1.36,1.36,0
1679053080000,1.36,1.36,1.36,1.36,0
1679053020000,1.36,1.36,1.36,1.36,0
1679052960000,1.36,1.36,1.36,1.36,0
1679052900000,1.36,1.36,1.36,1.36,0
1679052840000,1.36,1.36,1.36,1.36,0
1679052780000,1.36,1.36,1.36,1.36,0
1679052720000,1.36,1.36,1.36,1.36,0
1679052660000,1.36,1.36,1.36,1.36,0
1679052600000,1.36,1.36,1.36,1.36,0
1679052540000,1.36,1.36,1.36,1.36,0
1679052480000,1.36,1.36,1.36,1.36,0
1679052420000,1.36,1.36,1.36,1.36,0
1679052360000,1.36,1.36,1.36,1.36,0
1679052300000,1.36,1.36,1.36,1.36,0
1679052240000,1.36,1.36,1.36,1.36,0
1679052180000,1.36,1.36,1.36,1.36,0
1679052120000,1.36,1.36,1.36,1.36,0
1679052060000,1.36,1.36,1.36,1.36,0
1679052000000,1.36,1.36,1.36,1.36,0
1679051940000,1.36,1.36,1.36,1.36,0
1679051880000,1.36,1.36,1.36,1.36,0
1679051820000,1.36,1.36,1.36,1.36,0
1679051760000,1.36,1.36,1.36,1.36,0
1679051700000,1.36,1.36,1.36,1.36,0
1679051640000,1.36,1.36,1.36,1.36,0
1679051580000,1.36,1.36,1.36,1.36,0
1679051520000,1.36,1.36,1.36,1.36,0
1679051460000,1.36,1.36,1.36,1.36,0
1679051400000,1.36,1.36,1.36,1.36,0
1679051340000,1.36,1.36,1.36,1.36,0
1679051280000,1.36,1.36,1.36,1.36,0
1679051220000,1.36,1.36,1.36,1.36,0
1679051160000,1.36,1.36,1.36,1.36,0
1679051100000,1.36,1.36,1.36,1.36,0
1679051040000,1.36,1.36,1.36,1.36,0
1679050980000,1.36,1.36,1.36,1.36,0
1679050920000,1.36,1.36,1.36,1.36,0
1679050860000,1.36,1.36,1.36,1.36,0
1679050800000,1.36,1.36,1.36,1.36,0
1679050740000,1.36,1.36,1.36,1.36,0
1679050680000,1.36,1.36,1.36,1.36,0
1679050620000,1.36,1.36,1.36,1.36,0
1679050560000,1.36,1.36,1.36,1.36,0
1679050500000,1.36,1.36,1.36,1.36,0
1679050440000,1.36,1.36,1.36,1.36,0
1679050380000,1.36,1.36,1.36,1.36,0
1679050320000,1.36,1.36,1.36,1.36,0
1679050260000,1.36,1.36,1.36,1.36,0
1679050200000,1.36,1.36,1.36,1.36,0
1679050140000,1.36,1.36,1.36,1.36,0
1679050080000,1.36,1.36,1.36,1.36,0
1679050020000,1.36,1.36,1.36,1.36,0
1679049960000,1.36,1.36,1.36,1.36,0
1679049900000,1.36,1.36,1.36,1.36,0
1679049840000,1.36,1.36,1.36,1.36,0
1679049780000,1.36,1.36,1.36,1.36,0
1679049720000,1.36,1.36,1.36,1.36,0
1679049660000,1.36,1.36,1.36,1.36,0
1679049600000,1.36,1.36,1.36,1.36,0
1679049540000,1.36,1.36,1.36,1.36,0
1679049480000,1.36,1.36,1.36,1.36,0
1679049420000,1.36,1.36,1.36,1.36,0
1679049360000,1.36,1.36,1.36,1.36,0
1679049300000,1.36,1.36,1.36,1.36,0
1679049240000,1.36,1.36,1.36,1.36,0
1679049180000,1.36,1.36,1.36,1.36,0
1679049120000,1.36,1.36,1.36,1.36,0
1679049060000,1.36,1.36,1.36,1.36,0
1679049000000,1.36,1.36,1.36,1.36,0
1679048940000,1.36,1.36,1.36,1.36,0
1679048880000,1.36,1.36,1.36,1.36,0
1679048820000,1.36,1.36,1.36,1.36,0
1679048760000,1.36,1.36,1.36,1.36,0
1679048700000,1.36,1.36,1.36,1.36,0
1679048640000,1.36,1.36,1.36,1.36,0
1679048580000,1.36,1.36,1.36,1.36,0
1679048520000,1.36,1.36,1.36,1.36,0
1679048460000,1.36,1.36,1.36,1.36,0
1679048400000,1.36,1.36,1.36,1.36,0
1679048340000,1.36,1.36,1.36,1.36,0
1679048280000,1.36,1.36,1.36,1.36,0
1679048220000,1.36,1.36,1.36,1.36,0
1679048160000,1.36,1.36,1.36,1.36,0
1679048100000,1.36,1.36,1.36,1.36,0
1679048040000,1.36,1.36,1.36,1.36,0
1679047980000,1.36,1.36,1.36,1.36,0
1679047920000,1.36,1.36,1.36,1.36,0
1679047860000,1.36,1.36,1.36,1.36,0
1679047800000,1.36,1.36,1.36,1.36,0
1679047740000,1.36,1.36,1.36,1.36,0
1679047680000,1.36,1.36,1.36,1.36,0
1679047620000,1.36,1.36,1.36,1.36,0
1679047560000,1.36,1.36,1.36,1.36,0
1679047500000,1.36,1.36,1.36,1.36,0
1679047440000,1.36,1.36,1.36,1.36,0
1679047380000,1.36,1.36,1.36,1.36,0
1679047320000,1.36,1.36,1.36,1.36,0
1679047260000,1.36,1.36,1.36,1.36,0
1679047200000,1.36,1.36,1.36,1.36,0
1679047140000,1.36,1.36,1.36,1.36,0
1679047080000,1.36,1.36,1.36,1.36,0
1679047020000,1.36,1.36,1.36,1.36,0
1679046960000,1.36,1.36,1.36,1.36,0
1679046900000,1.36,1.36,1.36,1.36,0
1679046840000,1.36,1.36,1.36,1.36,0
1679046780000,1.36,1.36,1.36,1.36,0
1679046720000,1.36,1.36,1.36,1.36,0
1679046660000,1.36,1.36,1.36,1.36,0
1679046600000,1.36,1.36,1.36,1.36,0
1679046540000,1.36,1.36,1.36,1.36,0
1679046480000,1.36,1.36,1.36,1.36,0
1679046420000,1.36,1.36,1.36,1.36,0
1679046360000,1.36,1.36,1.36,1.36,0
1679046300000,1.36,1.36,1.36,1.36,0
1679046240000,1.36,1.36,1.36,1.36,0
1679046180000,1.36,1.36,1.36,1.36,0
1679046120000,1.36,1.36,1.36,1.36,0
1679046060000,1.36,1.36,1.36,1.36,0
1679046000000,1.36,1.36,1.36,1.36,0
1679045940000,1.36,1.36,1.36,1.36,0
1679045880000,1.36,1.36,1.36,1.36,0
1679045820000,1.36,1.36,1.36,1.36,0
1679045760000,1.36,1.36,1.36,1.36,0
1679045700000,1.36,1.36,1.36,1.36,0
1679045640000,1.36,1.36,1.36,1.36,0
1679045580000,1.36,1.36,1.36,1.36,0
1679045520000,1.36,1.36,1.36,1.36,0
1679045460000,1.36,1.36,1.36,1.36,0
1679045400000,1.36,1.36,1.36,1.36,0
1679045340000,1.36,1.36,1.36,1.36,0
1679045280000,1.36,1.36,1.36,1.36,0
1679045220000,1.36,1.36,1.36,1.36,0
1679045160000,1.36,1.36,1.36,1.36,0
1679045100000,1.36,1.36,1.36,1.36,0
1679045040000,1.36,1.36,1.36,1.36,0
1679044980000,1.36,1.36,1.36,1.36,0
1679044920000,1.36,1.36,1.36,1.36,0
1679044860000,1.36,1.36,1.36,1.36,0
1679044800000,1.36,1.36,1.36,1.36,0
1679044740000,1.36,1.36,1.36,1.36,0
1679044680000,1.36,1.36,1.36,1.36,0
1679044620000,1.36,1.36,1.36,1.36,0
1679044560000,1.36,1.36,1.36,1.36,0
1679044500000,1.36,1.36,1.36,1.36,0
1679044440000,1.36,1.36,1.36,1.36,0
1679044380000,1.36,1.36,1.36,1.36,0
1679044320000,1.36,1.36,1.36,1.36,0
1679044260000,1.36,1.36,1.36,1.36,0
1679044200000,1.36,1.36,1.36,1.36,0
1679044140000,1.36,1.36,1.36,1.36,0
1679044080000,1.36,1.36,1.36,1.36,0
1679044020000,1.36,1.36,1.36,1.36,0
1679043960000,1.36,1.36,1.36,1.36,0
1679043900000,1.36,1.36,1.36,1.36,0
1679043840000,1.36,1.36,1.36,1.36,0
1679043780000,1.36,1.36,1.36,1.36,0
1679043720000,1.36,1.36,1.36,1.36,0
1679043660000,1.36,1.36,1.36,1.36,0
1679043600000,1.36,1.36,1.36,1.36,0
1679043540000,1.36,1.36,1.36,1.36,0
1679043480000,1.36,1.36,1.36,1.36,0
1679043420000,1.36,1.36,1.36,1.36,0
1679043360000,1.36,1.36,1.36,1.36,0
1679043300000,1.36,1.36,1.36,1.36,0
1679043240000,1.36,1.36,1.36,1.36,0
1679043180000,1.36,1.36,1.36,1.36,0
1679043120000,1.36,1.36,1.36,1.36,0
1679043060000,1.36,1.36,1.36,1.36,0
1679043000000,1.36,1.36,1.36,1.36,0
1679042940000,1.36,1.36,1.36,1.36,0
1679042880000,1.36,1.36,1.36,1.36,0
1679042820000,1.36,1.36,1.36,1.36,0
1679042760000,1.36,1.36,1.36,1.36,0
1679042700000,1.36,1.36,1.36,1.36,0
1679042640000,1.36,1.36,1.36,1.36,0
1679042580000,1.36,1.36,1.36,1.36,0
1679042520000,1.36,1.36,1.36,1.36,0
1679042460000,1.36,1.36,1.36,1.36,0
1679042400000,1.36,1.36,1.36,1.36,0
1679042340000,1.36,1.36,1.36,1.36,0
1679042280000,1.36,1.36,1.36,1.36,0
1679042220000,1.36,1.36,1.36,1.36,0
1679042160000,1.36,1.36,1.36,1.36,0
1679042100000,1.36,1.36,1.36,1.36,0
1679042040000,1.36,1.36,1.36,1.36,0
1679041980000,1.36,1.36,1.36,1.36,0
1679041920000,1.36,1.36,1.36,1.36,0
1679041860000,1.36,1.36,1.36,1.36,0
1679041800000,1.36,1.36,1.36,1.36,0
1679041740000,1.36,1.36,1.36,1.36,0
1679041680000,1.36,1.36,1.36,1.36,0
1679041620000,1.36,1.36,1.36,1.36,0
1679041560000,1.36,1.36,1.36,1.36,0
1679041500000,1.36,1.36,1.36,1.36,0
1679041440000,1.36,1.36,1.36,1.36,0
1679041380000,1.36,1.36,1.36,1.36,0
1679041320000,1.36,1.36,1.36,1.36,0
1679041260000,1.36,1.36,1.36,1.36,0
1679041200000,1.36,1.36,1.36,1.36,0
1679041140000,1.36,1.36,1.36,1.36,0
1679041080000,1.36,1.36,1.36,1.36,0
1679041020000,1.36,1.36,1.36,1.36,0
1679040960000,1.36,1.36,1.36,1.36,0
1679040900000,1.36,1.36,1.36,1.36,0
1679040840000,1.36,1.36,1.36,1.36,0
1679040780000,1.36,1.36,1.36,1.36,0
1679040720000,1.36,1.36,1.36,1.36,0
1679040660000,1.36,1.36,1.36,1.36,0
1679040600000,1.36,1.36,1.36,1.36,0
1679040540000,1.36,1.36,1.36,1.36,0
1679040480000,1.36,1.36,1.36,1.36,0
1679040420000,1.36,1.36,1.36,1.36,0
1679040360000,1.36,1.36,1.36,1.36,0
1679040300000,1.36,1.36,1.36,1.36,0
1679040240000,1.36,1.36,1.36,1.36,0
1679040180000,1.36,1.36,1.36,1.36,0
1679040120000,1.36,1.36,1.36,1.36,0
1679040060000,1.36,1.36,1.36,1.36,0
1679040000000,1.36,1.36,1.36,1.36,0
1679039940000,1.36,1.36,1.36,1.36,0
1679039880000,1.36,1.36,1.36,1.36,0
1679039820000,1.36,1.36,1.36,1.36,0
1679039760000,1.36,1.36,1.36,1.36,0
1679039700000,1.36,1.36,1.36,1.36,0
1679039640000,1.36,1.36,1.36,1.36,0
1679039580000,1.36,1.36,1.36,1.36,0
1679039520000,1.36,1.36,1.36,1.36,0
1679039460000,1.36,1.36,1.36,1.36,0
1679039400000,1.36,1.36,1.36,1.36,0
1679039340000,1.36,1.36,1.36,1.36,0
1679039280000,1.36,1.36,1.36,1.36,0
1679039220000,1.36,1.36,1.36,1.36,0
1679039160000,1.36,1.36,1.36,1.36,0
1679039100000,1.36,1.36,1.36,1.36,0
1679039040000,1.36,1.36,1.36,1.36,0
1679038980000,1.36,1.36,1.36,1.36,0
1679038920000,1.36,1.36,1.36,1.36,0
1679038860000,1.36,1.36,1.36,1.36,0
1679038800000,1.36,1.36,1.36,1.36,0
1679038740000,1.36,1.36,1.36,1.36,0
1679038680000,1.36,1.36,1.36,1.36,0
1679038620000,1.36,1.36,1.36,1.36,0
1679038560000,1.36,1.36,1.36,1.36,0
1679038500000,1.36,1.36,1.36,1.36,0
1679038440000,1.36,1.36,1.36,1.36,0
1679038380000,1.36,1.36,1.36,1.36,0
1679038320000,1.36,1.36,1.36,1.36,0
1679038260000,1.36,1.36,1.36,1.36,0
1679038200000,1.36,1.36,1.36,1.36,0
1679038140000,1.36,1.36,1.36,1.36,0
1679038080000,1.36,1.36,1.36,1.36,0
1679038020000,1.36,1.36,1.36,1.36,0
1679037960000,1.36,1.36,1.36,1.36,0
1679037900000,1.36,1.36,1.36,1.36,0
1679037840000,1.36,1.36,1.36,1.36,0
1679037780000,1.36,1.36,1.36,1.36,0
1679037720000,1.36,1.36,1.36,1.36,0
1679037660000,1.36,1.36,1.36,1.36,0
1679037600000,1.36,1.36,1.36,1.36,0
1679037540000,1.36,1.36,1.36,1.36,0
1679037480000,1.36,1.36,1.36,1.36,0
1679037420000,1.36,1.36,1.36,1.36,0
1679037360000,1.36,1.36,1.36,1.36,0
1679037300000,1.36,1.36,1.36,1.36,0
1679037240000,1.36,1.36,1.36,1.36,0
1679037180000,1.36,1.36,1.36,1.36,0
1679037120000,1.36,1.36,1.36,1.36,0
1679037060000,1.36,1.36,1.36,1.36,0
1679037000000,1.36,1.36,1.36,1.36,0
1679036940000,1.36,1.36,1.36,1.36,0
1679036880000,1.36,1.36,1.36,1.36,0
1679036820000,1.36,1.36,1.36,1.36,0
1679036760000,1.36,1.36,1.36,1.36,0
1679036700000,1.36,1.36,1.36,1.36,0
1679036640000,1.36,1.36,1.36,1.36,0
1679036580000,1.36,1.36,1.36,1.36,0
1679036520000,1.36,1.36,1.36,1.36,0
1679036460000,1.36,1.36,1.36,1.36,0
1679036400000,1.36,1.36,1.36,1.36,0
1679036340000,1.36,1.36,1.36,1.36,0
1679036280000,1.36,1.36,1.36,1.36,0
1679036220000,1.36,1.36,1.36,1.36,0
1679036160000,1.36,1.36,1.36,1.36,0
1679036100000,1.36,1.36,1.36,1.36,0
1679036040000,1.36,1.36,1.36,1.36,0
1679035980000,1.36,1.36,1.36,1.36,0
1679035920000,1.36,1.36,1.36,1.36,0
1679035860000,1.36,1.36,1.36,1.36,0
1679035800000,1.36,1.36,1.36,1.36,0
1679035740000,1.36,1.36,1.36,1.36,0
1679035680000,1.36,1.36,1.36,1.36,0
1679035620000,1.36,1.36,1.36,1.36,0
1679035560000,1.36,1.36,1.36,1.36,0
1679035500000,1.36,1.36,1.36,1.36,0
1679035440000,1.36,1.36,1.36,1.36,0
1679035380000,1.36,1.36,1.36,1.36,0
1679035320000,1.36,1.36,1.36,1.36,0
1679035260000,1.36,1.36,1.36,1.36,0
1679035200000,1.36,1.36,1.36,1.36,0
1679035140000,1.36,1.36,1.36,1.36,0
1679035080000,1.36,1.36,1.36,1.36,0
1679035020000,1.36,1.36,1.36,1.36,0
1679034960000,1.36,1.36,1.36,1.36,0
1679034900000,1.36,1.36,1.36,1.36,0
1679034840000,1.36,1.36,1.36,1.36,0
1679034780000,1.36,1.36,1.36,1.36,0
1679034720000,1.36,1.36,1.36,1.36,0
1679034660000,1.36,1.36,1.36,1.36,0
1679034600000,1.36,1.36,1.36,1.36,0
1679034540000,1.36,1.36,1.36,1.36,0
1679034480000,1.36,1.36,1.36,1.36,0
1679034420000,1.36,1.36,1.36,1.36,0
1679034360000,1.36,1.36,1.36,1.36,0
1679034300000,1.36,1.36,1.36,1.36,0
1679034240000,1.36,1.36,1.36,1.36,0
1679034180000,1.36,1.36,1.36,1.36,0
1679034120000,1.36,1.36,1.36,1.36,0
1679034060000,1.36,1.36,1.36,1.36,0
1679034000000,1.36,1.36,1.36,1.36,0
1679033940000,1.36,1.36,1.36,1.36,0
1679033880000,1.36,1.36,1.36,1.36,0
1679033820000,1.36,1.36,1.36,1.36,0
1679033760000,1.36,1.36,1.36,1.36,0
1679033700000,1.36,1.36,1.36,1.36,0
1679033640000,1.36,1.36,1.36,1.36,0
1679033580000,1.36,1.36,1.36,1.36,0
1679033520000,1.36,1.36,1.36,1.36,0
1679033460000,1.36,1.36,1.36,1.36,0
1679033400000,1.36,1.36,1.36,1.36,0
1679033340000,1.36,1.36,1.36,1.36,0
1679033280000,1.36,1.36,1.36,1.36,0
1679033220000,1.36,1.36,1.36,1.36,0
1679033160000,1.36,1.36,1.36,1.36,0
1679033100000,1.36,1.36,1.36,1.36,0
1679033040000,1.36,1.36,1.36,1.36,0
1679032980000,1.36,1.36,1.36,1.36,0
1679032920000,1.36,1.36,1.36,1.36,0
1679032860000,1.36,1.36,1.36,1.36,0
1679032800000,1.36,1.36,1.36,1.36,0
1679032740000,1.36,1.36,1.36,1.36,0
1679032680000,1.36,1.36,1.36,1.36,0
1679032620000,1.36,1.36,1.36,1.36,0
1679032560000,1.36,1.36,1.36,1.36,0
1679032500000,1.36,1.36,1.36,1.36,0
1679032440000,1.36,1.36,1.36,1.36,0
1679032380000,1.36,1.36,1.36,1.36,0
1679032320000,1.36,1.36,1.36,1.36,0
1679032260000,1.36,1.36,1.36,1.36,0
1679032200000,1.36,1.36,1.36,1.36,0
1679032140000,1.36,1.36,1.36,1.36,0
1679032080000,1.36,1.36,1.36,1.36,0
1679032020000,1.36,1.36,1.36,1.36,0
1679031960000,1.36,1.36,1.36,1.36,0
1679031900000,1.36,1.36,1.36,1.36,0
1679031840000,1.36,1.36,1.36,1.36,0
1679031780000,1.36,1.36,1.36,1.36,0
1679031720000,1.36,1.36,1.36,1.36,0
1679031660000,1.36,1.36,1.36,1.36,0
1679031600000,1.36,1.36,1.36,1.36,0
1679031540000,1.36,1.36,1.36,1.36,0
1679031480000,1.36,1.36,1.36,1.36,0
1679031420000,1.36,1.36,1.36,1.36,0
1679031360000,1.36,1.36,1.36,1.36,0
1679031300000,1.36,1.36,1.36,1.36,0
1679031240000,1.36,1.36,1.36,1.36,0
1679031180000,1.36,1.36,1.36,1.36,0
1679031120000,1.36,1.36,1.36,1.36,0
1679031060000,1.36,1.36,1.36,1.36,0
1679031000000,1.36,1.36,1.36,1.36,0
1679030940000,1.36,1.36,1.36,1.36,0
1679030880000,1.36,1.36,1.36,1.36,0
1679030820000,1.36,1.36,1.36,1.36,0
1679030760000,1.36,1.36,1.36,1.36,0
1679030700000,1.36,1.36,1.36,1.36,0
1679030640000,1.36,1.36,1.36,1.36,0
1679030580000,1.36,1.36,1.36,1.36,0
1679030520000,1.36,1.36,1.36,1.36,0
1679030460000,1.36,1.36,1.36,1.36,0
1679030400000,1.36,1.36,1.36,1.36,0
1679030340000,1.36,1.36,1.36,1.36,0
1679030280000,1.36,1.36,1.36,1.36,0
1679030220000,1.36,1.36,1.36,1.36,0
1679030160000,1.36,1.36,1.36,1.36,0
1679030100000,1.36,1.36,1.36,1.36,0
1679030040000,1.36,1.36,1.36,1.36,0
1679029980000,1.36,1.36,1.36,1.36,0
1679029920000,1.36,1.36,1.36,1.36,0
1679029860000,1.36,1.36,1.36,1.36,0
1679029800000,1.36,1.36,1.36,1.36,0
1679029740000,1.36,1.36,1.36,1.36,0
1679029680000,1.36,1.36,1.36,1.36,0
1679029620000,1.36,1.36,1.36,1.36,0
1679029560000,1.36,1.36,1.36,1.36,0
1679029500000,1.36,1.36,1.36,1.36,0
1679029440000,1.36,1.36,1.36,1.36,0
1679029380000,1.36,1.36,1.36,1.36,0
1679029320000,1.36,1.36,1.36,1.36,0
1679029260000,1.36,1.36,1.36,1.36,0
1679029200000,1.36,1.36,1.36,1.36,0
1679029140000,1.36,1.36,1.36,1.36,0
1679029080000,1.36,1.36,1.36,1.36,0
1679029020000,1.36,1.36,1.36,1.36,0
1679028960000,1.36,1.36,1.36,1.36,0
1679028900000,1.36,1.36,1.36,1.36,0
1679028840000,1.36,1.36,1.36,1.36,0
1679028780000,1.36,1.36,1.36,1.36,0
1679028720000,1.36,1.36,1.36,1.36,0
1679028660000,1.36,1.36,1.36,1.36,0
1679028600000,1.36,1.36,1.36,1.36,0
1679028540000,1.36,1.36,1.36,1.36,0
1679028480000,1.36,1.36,1.36,1.36,0
1679028420000,1.36,1.36,1.36,1.36,0
1679028360000,1.36,1.36,1.36,1.36,0
1679028300000,1.36,1.36,1.36,1.36,0
1679028240000,1.36,1.36,1.36,1.36,0
1679028180000,1.36,1.36,1.36,1.36,0
1679028120000,1.36,1.36,1.36,1.36,0
1679028060000,1.36,1.36,1.36,1.36,0
1679028000000,1.36,1.36,1.36,1.36,0
1679027940000,1.36,1.36,1.36,1.36,0
1679027880000,1.36,1.36,1.36,1.36,0
1679027820000,1.36,1.36,1.36,1.36,0
1679027760000,1.36,1.36,1.36,1.36,0
1679027700000,1.36,1.36,1.36,1.36,0
1679027640000,1.36,1.36,1.36,1.36,0
1679027580000,1.36,1.36,1.36,1.36,0
1679027520000,1.36,1.36,1.36,1.36,0
1679027460000,1.36,1.36,1.36,1.36,0
1679027400000,1.36,1.36,1.36,1.36,0
1679027340000,1.36,1.36,1.36,1.36,0
1679027280000,1.36,1.36,1.36,1.36,0
1679027220000,1.36,1.36,1.36,1.36,0
1679027160000,1.36,1.36,1.36,1.36,0
1679027100000,1.36,1.36,1.36,1.36,0
1679027040000,1.36,1.36,1.36,1.36,0
1679026980000,1.36,1.36,1.36,1.36,0
1679026920000,1.36,1.36,1.36,1.36,0
1679026860000,1.36,1.36,1.36,1.36,0
1679026800000,1.36,1.36,1.36,1.36,0
1679026740000,1.36,1.36,1.36,1.36,0
1679026680000,1.36,1.36,1.36,1.36,0
1679026620000,1.36,1.36,1.36,1.36,0
1679026560000,1.36,1.36,1.36,1.36,0
1679026500000,1.36,1.36,1.36,1.36,0
1679026440000,1.36,1.36,1.36,1.36,0
1679026380000,1.36,1.36,1.36,1.36,0
1679026320000,1.36,1.36,1.36,1.36,0
1679026260000,1.36,1.36,1.36,1.36,0
1679026200000,1.36,1.36,1.36,1.36,0
1679026140000,1.36,1.36,1.36,1.36,0
1679026080000,1.36,1.36,1.36,1.36,0
1679026020000,1.36,1.36,1.36,1.36,0
1679025960000,1.36,1.36,1.36,1.36,0
1679025900000,1.36,1.36,1.36,1.36,0
1679025840000,1.36,1.36,1.36,1.36,0
1679025780000,1.36,1.36,1.36,1.36,0
1679025720000,1.36,1.36,1.36,1.36,0
1679025660000,1.36,1.36,1.36,1.36,0
1679025600000,1.36,1.36,1.36,1.36,0
1679025540000,1.36,1.36,1.36,1.36,0
1679025480000,1.36,1.36,1.36,1.36,0
1679025420000,1.36,1.36,1.36,1.36,0
1679025360000,1.36,1.36,1.36,1.36,0
1679025300000,1.36,1.36,1.36,1.36,0
1679025240000,1.36,1.36,1.36,1.36,0
1679025180000,1.36,1.36,1.36,1.36,0
1679025120000,1.36,1.36,1.36,1.36,0
1679025060000,1.36,1.36,1.36,1.36,0
1679025000000,1.36,1.36,1.36,1.36,0
1679024940000,1.36,1.36,1.36,1.36,0
1679024880000,1.36,1.36,1.36,1.36,0
1679024820000,1.36,1.36,1.36,1.36,0
1679024760000,1.36,1.36,1.36,1.36,0
1679024700000,1.36,1.36,1.36,1.36,0
1679024640000,1.36,1.36,1.36,1.36,0
1679024580000,1.36,1.36,1.36,1.36,0
1679024520000,1.36,1.36,1.36,1.36,0
1679024460000,1.36,1.36,1.36,1.36,0
1679024400000,1.36,1.36,1.36,1.36,0
1679024340000,1.36,1.36,1.36,1.36,0
1679024280000,1.36,1.36,1.36,1.36,0
1679024220000,1.36,1.36,1.36,1.36,0
1679024160000,1.36,1.36,1.36,1.36,0
1679024100000,1.36,1.36,1.36,1.36,0
1679024040000,1.36,1.36,1.36,1.36,0
1679023980000,1.36,1.36,1.36,1.36,0
1679023920000,1.36,1.36,1.36,1.36,0
1679023860000,1.36,1.36,1.36,1.36,0
1679023800000,1.36,1.36,1.36,1.36,0
1679023740000,1.36,1.36,1.36,1.36,0
1679023680000,1.36,1.36,1.36,1.36,0
1679023620000,1.36,1.36,1.36,1.36,0
1679023560000,1.36,1.36,1.36,1.36,0
1679023500000,1.36,1.36,1.36,1.36,0
1679023440000,1.36,1.36,1.36,1.36,0
1679023380000,1.36,1.36,1.36,1.36,0
1679023320000,1.36,1.36,1.36,1.36,0
1679023260000,1.36,1.36,1.36,1.36,0
1679023200000,1.36,1.36,1.36,1.36,0
1679023140000,1.36,1.36,1.36,1.36,0
1679023080000,1.36,1.36,1.36,1.36,0
1679023020000,1.36,1.36,1.36,1.36,0
1679022960000,1.36,1.36,1.36,1.36,0
1679022900000,1.36,1.36,1.36,1.36,0
1679022840000,1.36,1.36,1.36,1.36,0
1679022780000,1.36,1.36,1.36,1.36,0
1679022720000,1.36,1.36,1.36,1.36,0
1679022660000,1.36,1.36,1.36,1.36,0
1679022600000,1.36,1.36,1.36,1.36,0
1679022540000,1.36,1.36,1.36,1.36,0
1679022480000,1.36,1.36,1.36,1.36,0
1679022420000,1.36,1.36,1.36,1.36,0
1679022360000,1.36,1.36,1.36,1.36,0
1679022300000,1.36,1.36,1.36,1.36,0
1679022240000,1.36,1.36,1.36,1.36,0
1679022180000,1.36,1.36,1.36,1.36,0
1679022120000,1.36,1.36,1.36,1.36,0
1679022060000,1.36,1.36,1.36,1.36,0
1679022000000,1.36,1.36,1.36,1.36,0
1679021940000,1.36,1.36,1.36,1.36,0
1679021880000,1.36,1.36,1.36,1.36,0
1679021820000,1.36,1.36,1.36,1.36,0
1679021760000,1.36,1.36,1.36,1.36,0
1679021700000,1.36,1.36,1.36,1.36,0
1679021640000,1.36,1.36,1.36,1.36,0
1679021580000,1.36,1.36,1.36,1.36,0
1679021520000,1.36,1.36,1.36,1.36,0
1679021460000,1.36,1.36,1.36,1.36,0
1679021400000,1.36,1.36,1.36,1.36,0
1679021340000,1.36,1.36,1.36,1.36,0
1679021280000,1.36,1.36,1.36,1.36,0
1679021220000,1.36,1.36,1.36,1.36,0
1679021160000,1.36,1.36,1.36,1.36,0
1679021100000,1.36,1.36,1.36,1.36,0
1679021040000,1.36,1.36,1.36,1.36,0
1679020980000,1.36,1.36,1.36,1.36,0
1679020920000,1.36,1.36,1.36,1.36,0
1679020860000,1.36,1.36,1.36,1.36,0
1679020800000,1.36,1.36,1.36,1.36,0