1679108400000.0,2405.6825,2417.23,2391.9,2411.8,11.197728
1679104800000.0,2404.8125,2414.25,2395.0,2406.8,21.988511
1679101200000.0,2409.5825000000004,2423.44,2400.63,2405.0,9.6635
1679097600000.0,2383.38,2407.13,2355.0,2407.13,58.591546
1679094000000.0,2362.32,2387.13,2350.0,2387.13,15.036274
1679090400000.0,2344.9575,2364.0,2331.89,2360.0,38.049639
1679086800000.0,2327.845,2341.9700000000003,2320.65,2341.9700000000003,7.904032
1679083200000.0,2327.0724999999998,2341.72,2320.65,2327.295,1.455385
1679079600000.0,2319.8599999999997,2325.27,2314.45,2322.96,0.117413
1679076000000.0,2307.965,2319.8599999999997,2298.0,2319.8599999999997,0.679842
1679072400000.0,2305.365,2316.5,2300.0,2309.705,4.34479
1679068800000.0,2301.44,2304.84,2300.0,2302.48,2.204956
1679065200000.0,2301.915,2314.45,2295.29,2300.46,38.49324
1679061600000.0,2311.71,2335.48,2289.02,2298.96,6.809019
1679058000000.0,2328.135,2334.66,2311.17,2311.17,10.197595
1679054400000.0,2338.285,2352.0,2317.9,2328.29,28.33086
1679050800000.0,2340.295,2352.42,2323.01,2341.62,34.680192
1679047200000.0,2320.9925000000003,2342.875,2307.61,2342.875,23.010165
1679043600000.0,2303.75,2320.6800000000003,2296.4,2320.6800000000003,18.887845
1679040000000.0,2301.8475,2305.455,2299.45,2305.455,28.674403
1679036400000.0,2304.2875,2310.0,2297.7,2301.375,9.743787
1679032800000.0,2296.3599999999997,2315.0,2280.22,2304.725,13.034826
1679029200000.0,2283.96,2295.1099999999997,2280.22,2295.1099999999997,1.767552
1679025600000.0,2288.225,2288.91,2283.96,2283.96,0.94381
1679022000000.0,2288.505,2294.58,2282.82,2288.305,25.899748
1679018400000.0,2290.3875,2314.45,2279.39,2288.31,21.36453
1679014800000.0,2263.25,2283.855,2246.5,2283.855,29.647617
1679011200000.0,2251.8925,2263.25,2246.07,2263.25,4.003408
1679007600000.0,2255.29,2257.5,2252.0,2252.0,2.273913
1679004000000.0,2255.3450000000003,2257.61,2253.08,2255.29,0.044279
1679000400000.0,2245.3675,2261.06,2231.4,2255.3450000000003,0.272059
1678996800000.0,2245.5374999999995,2261.97,2231.04,2244.505,2.367607
1678993200000.0,2250.78,2275.0,2235.19,2244.5699999999997,35.146051
1678989600000.0,2235.19,2246.465,2235.19,2246.465,0.0
1678986000000.0,2235.9725,2239.35,2230.0,2235.19,5.254282
1678982400000.0,2240.7975,2244.99,2233.86,2237.27,13.819752
1678978800000.0,2241.9375,2244.99,2233.51,2242.17,38.047417
1678975200000.0,2239.7175,2245.0,2229.56,2244.625,50.473891
1678971600000.0,2233.55,2242.155,2225.2,2242.155,36.087039
1678968000000.0,2236.395,2245.75,2226.48,2234.4750000000004,39.48851
1678964400000.0,2245.055,2246.77,2236.675,2236.675,8.69565
1678960800000.0,2236.2675,2249.99,2221.24,2244.725,85.878107
1678957200000.0,2223.3225,2236.92,2210.01,2236.92,26.441796
1678953600000.0,2225.625,2229.36,2223.08,2226.6400000000003,3.120389
1678950000000.0,2228.495,2235.77,2225.0299999999997,2225.0299999999997,18.110317
1678946400000.0,2222.415,2227.05,2217.78,2226.335,7.472332
1678942800000.0,2218.7025000000003,2226.01,2211.88,2222.415,54.281341
1678939200000.0,2220.805,2224.35,2218.46,2218.46,12.372693
1678935600000.0,2223.8825,2228.0,2219.17,2219.865,28.137383
1678932000000.0,2223.1175,2231.0,2216.85,2224.1800000000003,2.705978
1678928400000.0,2212.61,2222.31,2204.53,2222.31,0.706946
1678924800000.0,2221.1800000000003,2236.3,2212.21,2214.5299999999997,5.829031
1678921200000.0,2226.3,2228.6,2218.105,2218.105,0.210755
1678917600000.0,2232.2,2243.0,2225.2,2226.3,24.135967
1678914000000.0,2231.355,2232.0,2229.42,2230.3,17.066652
1678910400000.0,2223.3675000000003,2232.0,2214.63,2232.0,1.116805
1678906800000.0,2217.115,2232.0,2210.81,2223.42,30.325378
1678903200000.0,2207.6775000000002,2221.28,2194.44,2212.825,6.798404
1678899600000.0,2194.39,2207.495,2180.0,2207.495,1.268726
1678896000000.0,2198.675,2219.25,2184.05,2196.6899999999996,17.827619
1678892400000.0,2218.265,2235.0,2195.7,2195.7,75.126021
1678888800000.0,2227.5575,2235.0,2208.0,2218.6,128.933938
1678885200000.0,2244.0125,2261.06,2232.23,2233.615,48.038714
1678881600000.0,2250.675,2271.64,2230.0,2241.38,77.251243
1678878000000.0,2253.9475,2267.63,2230.0,2250.53,41.883509
1678874400000.0,2269.57,2282.03,2256.58,2259.08,45.540589
1678870800000.0,2268.925,2274.19,2261.17,2269.835,20.800678
1678867200000.0,2271.3375,2277.81,2268.08,2270.17,6.017114
1678863600000.0,2271.31,2271.76,2269.73,2269.73,0.68428
1678860000000.0,2267.84,2273.0,2257.2,2271.16,14.974675
1678856400000.0,2272.84,2280.98,2269.03,2270.58,2.879792
1678852800000.0,2271.1099999999997,2271.35,2270.675,2270.675,0.367126
1678849200000.0,2274.88,2281.23,2267.13,2271.1099999999997,10.620674
1678845600000.0,2284.0975,2290.0,2275.58,2275.58,9.419813
1678842000000.0,2284.225,2296.56,2275.44,2284.875,20.707904
1678838400000.0,2269.7875,2282.45,2255.0,2282.45,29.409257
1678834800000.0,2272.055,2275.0,2269.85,2272.69,11.840687
1678831200000.0,2263.4475,2280.3,2250.03,2271.685,14.439504
1678827600000.0,2249.6925,2264.37,2220.0,2261.73,11.907378
1678824000000.0,2276.4825,2292.49,2256.58,2257.2,2.755137
1678820400000.0,2284.625,2298.0,2250.01,2278.43,14.59607
1678816800000.0,2315.9049999999997,2333.81,2295.245,2295.245,22.174842
1678813200000.0,2334.835,2341.59,2315.9049999999997,2315.9049999999997,13.943626
1678809600000.0,2336.6075,2350.0,2315.29,2334.975,33.041968
1678806000000.0,2332.38,2350.0,2312.52,2340.5699999999997,65.736902
1678802400000.0,2306.65,2333.5,2288.93,2333.5,39.982937
1678798800000.0,2290.1275,2307.835,2278.0,2307.835,47.820955
1678795200000.0,2267.2075,2291.2650000000003,2243.62,2291.2650000000003,57.719971
1678791600000.0,2244.0,2268.165,2235.52,2268.165,5.88861
1678788000000.0,2239.7125,2248.0,2233.0,2246.16,16.037022
1678784400000.0,2230.275,2238.925,2225.0,2238.925,23.340669
1678780800000.0,2225.1925,2231.38,2220.01,2231.38,9.33396
1678777200000.0,2225.57,2231.58,2220.01,2224.885,9.925457
1678773600000.0,2227.22,2233.99,2215.0,2225.3450000000003,12.868174
1678770000000.0,2230.5075,2236.53,2221.26,2229.9449999999997,11.507265
1678766400000.0,2230.12,2235.03,2225.21,2232.12,9.781614
1678762800000.0,2226.9,2237.76,2215.01,2230.12,29.973058
1678759200000.0,2216.0275,2230.0,2174.49,2227.415,33.497173
1678755600000.0,2225.965,2240.0,2193.86,2229.81,4.573573
1678752000000.0,2234.935,2240.0,2229.87,2235.0,11.342562
1678748400000.0,2231.7275,2243.3,2213.74,2234.935,4.126695
1678744800000.0,2235.5,2250.0,2225.2,2234.935,12.393408
1678741200000.0,2214.07,2233.4,2180.83,2233.4,5.22545
1678737600000.0,2219.8824999999997,2237.76,2188.99,2223.42,14.839916
1678734000000.0,2227.9175,2248.51,2205.42,2226.39,30.527263
1678730400000.0,2224.06,2228.87,2221.25,2228.87,5.322434
1678726800000.0,2222.1625,2224.995,2216.39,2224.995,5.400539
1678723200000.0,2203.915,2224.44,2184.47,2223.635,35.638894
1678719600000.0,2190.1025,2207.0,2180.55,2203.375,40.918676
1678716000000.0,2163.1499999999996,2188.39,2137.91,2186.43,32.561266
1678712400000.0,2128.4025,2163.1499999999996,2113.85,2163.1499999999996,17.65354
1678708800000.0,2120.7875,2135.26,2113.85,2125.88,28.397898
1678705200000.0,2124.3525,2132.22,2117.02,2117.02,6.309279
1678701600000.0,2117.4449999999997,2127.0,2107.89,2123.5950000000003,0.421886
1678698000000.0,2120.7799999999997,2133.67,2107.89,2117.4449999999997,13.646903
1678694400000.0,2141.135,2148.6,2120.7799999999997,2120.7799999999997,18.462003
1678690800000.0,2140.6875,2149.89,2132.13,2141.135,33.440666
1678687200000.0,2127.815,2140.365,2118.0,2140.365,21.144799
1678683600000.0,2134.3675000000003,2143.52,2127.03,2130.565,0.81094
1678680000000.0,2121.4,2137.92,2104.88,2133.46,10.845378
1678676400000.0,2102.1349999999998,2121.4,2082.56,2121.4,56.389048
1678672800000.0,2115.55,2146.66,2075.45,2105.865,15.250513
1678669200000.0,2135.5099999999998,2148.81,2120.045,2120.045,10.857623
1678665600000.0,2121.4175,2131.62,2110.67,2131.62,12.418219
1678662000000.0,2102.3450000000003,2122.5,2089.69,2122.5,11.678613
1678658400000.0,2094.49,2127.96,2070.0,2102.3450000000003,31.541866
1678654800000.0,2085.555,2096.07,2077.92,2090.0,7.502465
1678651200000.0,2065.0775,2084.115,2051.7,2084.115,18.616992
1678647600000.0,2062.6499999999996,2078.0,2051.7,2064.81,14.16754
1678644000000.0,2054.8199999999997,2069.2,2040.44,2060.45,8.474094
1678640400000.0,2013.5149999999999,2054.8199999999997,1975.0,2054.8199999999997,44.404532
1678636800000.0,1995.6375,2014.53,1981.01,2014.53,23.147864
1678633200000.0,1981.9625,2002.85,1960.01,1995.735,18.820295
1678629600000.0,1969.97,1982.495,1961.18,1982.495,7.434553
1678626000000.0,1982.175,1990.21,1970.0,1970.21,17.350662
1678622400000.0,2001.81,2018.52,1979.99,1984.245,1.344742
1678618800000.0,2018.0625,2018.99,2004.365,2004.365,12.961979
1678615200000.0,1991.8749999999998,2054.22,1922.29,2018.755,56.36664
1678611600000.0,1986.295,2053.18,1960.0,1995.495,47.28142
1678608000000.0,1965.0774999999999,1985.0,1955.0,1966.0,14.544423
1678604400000.0,1967.1399999999999,1985.99,1958.0,1960.155,3.27819
1678600800000.0,1973.835,1995.0,1962.2849999999999,1962.2849999999999,6.546937
1678597200000.0,1974.3899999999999,1985.0,1968.04,1968.04,34.093289
1678593600000.0,1972.7575000000002,1975.0,1971.915,1971.915,0.340377
1678590000000.0,1966.92,1975.55,1960.06,1972.01,4.04176
1678586400000.0,1965.6925,1980.0,1960.0,1966.0349999999999,14.789744
1678582800000.0,1970.01,1982.0,1960.0,1961.385,35.62719
1678579200000.0,1975.5325,1981.8,1969.02,1969.02,2.491943
1678575600000.0,1966.3025,1980.0,1956.24,1973.915,8.952276
1678572000000.0,1962.0825,1970.0,1951.86,1964.4850000000001,28.044584
1678568400000.0,1966.6525,1971.58,1953.45,1963.2350000000001,15.543782
1678564800000.0,1959.525,1975.5,1945.51,1970.79,64.166038
1678561200000.0,1946.8925000000002,1958.545,1936.8,1958.545,3.361927
1678557600000.0,1951.875,1965.0,1943.32,1949.0700000000002,66.904585
1678554000000.0,1950.675,1977.6,1932.0,1949.5900000000001,35.495968
1678550400000.0,1949.9875000000002,1975.0,1928.4,1946.55,92.616643
1678546800000.0,1923.7475,1966.31,1850.0,1948.275,90.525411
1678543200000.0,1932.3,1947.34,1923.37,1939.3400000000001,27.783362
1678539600000.0,1937.2,1949.99,1920.0,1929.245,53.329954
1678536000000.0,1930.6574999999998,1949.99,1911.82,1939.405,3.49022
1678532400000.0,1927.9624999999999,1950.0,1900.03,1930.4099999999999,13.688387
1678528800000.0,1939.065,1950.0,1928.13,1930.9099999999999,2.72858
1678525200000.0,1923.5149999999999,1947.99,1904.52,1939.065,38.45832
1678521600000.0,1933.0500000000002,1964.39,1890.0,1920.775,16.430059
1678518000000.0,1947.2125,1990.0,1890.01,1938.9050000000002,97.627649
1678514400000.0,1949.9625,1969.0,1929.81,1954.42,61.964584
1678510800000.0,1960.2875000000001,1970.0,1949.97,1950.52,64.597299
1678507200000.0,1963.8025,1969.0,1952.62,1960.59,16.37663
1678503600000.0,1972.3149999999998,1981.08,1965.57,1966.795,41.652456
1678500000000.0,1983.1475,1996.0,1971.3049999999998,1971.3049999999998,63.592415
1678496400000.0,1966.5874999999999,1989.98,1899.7,1981.795,70.9772
1678492800000.0,1948.05,1997.99,1900.16,1988.335,6.681368
1678489200000.0,1924.675,2000.0,1895.67,1947.025,21.925623
1678485600000.0,1895.67,1901.5149999999999,1895.67,1901.5149999999999,0.0
1678482000000.0,1895.3875,1899.33,1887.22,1895.67,0.803837
1678478400000.0,1895.1374999999998,1905.0,1888.11,1897.5,1.872956
1678474800000.0,1878.75,1893.7199999999998,1869.39,1893.7199999999998,0.653402
1678471200000.0,1871.4825,1908.9,1853.82,1878.75,24.205882
1678467600000.0,1866.275,1878.73,1853.82,1861.605,13.922931
1678464000000.0,1878.275,1888.11,1866.26,1866.275,18.482505
1678460400000.0,1861.71,1880.0,1843.42,1879.365,28.403551
1678456800000.0,1860.855,1880.0,1840.0,1861.71,15.283201
1678453200000.0,1865.395,1880.0,1836.0,1861.71,24.327989
1678449600000.0,1856.15,1880.0,1833.02,1872.79,9.477677
1678446000000.0,1847.3275,1880.0,1822.51,1855.79,24.361428
1678442400000.0,1849.73,1880.0,1825.0,1843.4,18.250329
1678438800000.0,1865.7825,1880.0,1846.96,1846.96,15.550648
1678435200000.0,1878.75,1880.0,1866.56,1866.56,11.457476
1678431600000.0,1880.7375,1886.95,1870.0,1880.0,34.733646
1678428000000.0,1895.9425,1906.18,1883.0,1883.0,20.664069
1678424400000.0,1904.135,1908.84,1895.795,1895.795,36.11777
1678420800000.0,1911.3875,1923.09,1900.01,1903.85,23.632138
1678417200000.0,1924.075,1930.0,1911.225,1911.225,23.866679
1678413600000.0,1931.65,1938.43,1923.94,1923.94,14.369234
1678410000000.0,1925.29,1933.86,1910.0,1930.315,17.844232
1678406400000.0,1932.1925,1942.35,1921.0,1928.65,20.643746
1678402800000.0,1938.75,1941.94,1932.71,1932.71,5.86838
1678399200000.0,1942.1100000000001,1953.0,1937.44,1939.605,2.656138
1678395600000.0,1926.25,1953.0,1906.0,1939.0,12.098344
1678392000000.0,1955.0,2004.0,1906.0,1923.0,42.599269
1678388400000.0,2015.7649999999999,2029.28,1955.0,1955.0,14.846031
1678384800000.0,2043.1399999999999,2057.0,2016.6399999999999,2016.6399999999999,27.18932
1678381200000.0,2056.71,2060.53,2043.1399999999999,2043.1399999999999,23.708867
1678377600000.0,2062.74,2070.0,2055.48,2056.24,5.446539
1678374000000.0,2073.5,2077.0,2062.74,2062.74,2.949947
1678370400000.0,2076.665,2083.64,2073.01,2073.5,11.810502
1678366800000.0,2069.6575000000003,2075.005,2065.3,2075.005,2.003196
1678363200000.0,2066.7725,2069.5950000000003,2063.79,2069.5950000000003,9.403895
1678359600000.0,2069.2,2070.45,2067.37,2067.37,0.047017
1678356000000.0,2069.0875,2071.6,2065.86,2069.1949999999997,7.264996
1678352400000.0,2069.92,2072.07,2066.48,2069.4449999999997,10.07514
1678348800000.0,2072.2825,2079.14,2060.0,2070.565,7.120889
1678345200000.0,2080.66,2084.72,2074.995,2074.995,30.260458
1678341600000.0,2082.81,2083.55,2080.0,2080.0,1.665603
1678338000000.0,2084.0075,2085.82,2082.815,2082.815,0.808178
1678334400000.0,2085.7675,2088.6,2083.33,2083.44,2.035236
1678330800000.0,2089.205,2090.6,2085.5699999999997,2085.5699999999997,0.013344
1678327200000.0,2088.1275,2090.6,2085.47,2089.205,0.529704
1678323600000.0,2075.42,2088.2200000000003,2065.0,2088.2200000000003,3.344856
1678320000000.0,2080.7425000000003,2119.0,2063.13,2075.42,2.467674
1678316400000.0,2080.56,2091.3,2065.1,2070.42,4.42292
1678312800000.0,2095.0,2102.1,2082.92,2082.92,0.273602
1678309200000.0,2104.1099999999997,2110.64,2093.95,2093.95,1.914751
1678305600000.0,2108.15,2110.0,2103.95,2103.95,0.128371
1678302000000.0,2102.1000000000004,2108.15,2097.9,2108.15,0.852309
1678298400000.0,2102.25,2106.6,2097.9,2102.1000000000004,5.537593
1678294800000.0,2108.1825,2110.73,2102.25,2102.25,0.437767
1678291200000.0,2111.1275,2118.44,2107.28,2107.7,3.16065
1678287600000.0,2104.77,2114.0,2097.34,2109.395,1.698182
1678284000000.0,2098.3424999999997,2103.87,2094.21,2103.87,3.114903
1678280400000.0,2105.5625,2118.05,2099.15,2099.15,0.664315
1678276800000.0,2107.25,2112.81,2102.1000000000004,2102.1000000000004,0.399356
1678273200000.0,2111.555,2114.22,2106.27,2106.27,1.351426
1678269600000.0,2110.59,2114.22,2106.96,2111.555,6.270343
1678266000000.0,2105.835,2110.59,2101.56,2110.59,2.465448
1678262400000.0,2105.275,2107.41,2102.09,2107.185,1.337514
1678258800000.0,2105.685,2109.1,2101.56,2105.8,6.829464
1678255200000.0,2105.095,2107.89,2102.0,2106.04,0.73673
1678251600000.0,2109.535,2116.47,2102.6,2105.245,0.276498
1678248000000.0,2117.2775,2121.58,2109.535,2109.535,0.823476
1678244400000.0,2117.76,2119.99,2115.53,2116.0,0.428852
1678240800000.0,2119.33,2119.99,2117.76,2117.76,0.388794
1678237200000.0,2121.85,2124.24,2119.46,2119.725,1.457868
1678233600000.0,2118.62,2124.24,2113.0,2121.85,2.570833
1678230000000.0,2108.385,2118.62,2103.77,2118.62,0.149504
1678226400000.0,2098.99,2108.385,2094.21,2108.385,2.252827
1678222800000.0,2094.21,2098.99,2094.21,2098.99,0.0
1678219200000.0,2101.1,2107.99,2094.21,2094.21,0.169633
1678215600000.0,2108.365,2108.74,2101.1,2101.1,0.031743
1678212000000.0,2109.735,2113.38,2106.82,2108.365,1.191956
1678208400000.0,2106.05,2110.0,2102.1,2109.37,0.030637
1678204800000.0,2107.14,2113.73,2099.0,2106.05,7.34399
1678201200000.0,2107.07,2124.77,2079.0,2107.915,89.616192
1678197600000.0,2109.08,2113.58,2098.85,2112.255,10.466815
1678194000000.0,2112.1625,2114.22,2110.0,2111.945,2.381962
1678190400000.0,2112.0425,2113.42,2111.32,2112.215,0.153459
1678186800000.0,2112.935,2114.22,2111.19,2111.715,2.536161
1678183200000.0,2112.425,2114.22,2110.63,2113.165,0.986109
1678179600000.0,2113.7125,2117.88,2110.63,2112.425,8.185115
1678176000000.0,2116.6175000000003,2117.88,2113.17,2113.17,1.703207
1678172400000.0,2119.4175,2121.21,2116.795,2116.795,3.029498
1678168800000.0,2120.915,2122.1,2118.25,2119.545,1.477217
1678165200000.0,2121.8475,2122.12,2121.05,2121.6549999999997,0.124272
1678161600000.0,2123.6025,2125.15,2122.1099999999997,2122.1099999999997,4.716565
1678158000000.0,2126.425,2132.7,2123.5699999999997,2123.5699999999997,8.361061
1678154400000.0,2123.0725,2124.63,2120.54,2124.63,23.577925
1678150800000.0,2118.2075,2123.755,2113.07,2123.755,0.510531
1678147200000.0,2111.1775,2118.245,2108.71,2118.245,1.119333
1678143600000.0,2109.56,2111.39,2109.56,2111.39,0.0
1678140000000.0,2109.56,2109.56,2109.56,2109.56,0.0
1678136400000.0,2109.56,2109.56,2109.56,2109.56,0.0
1678132800000.0,2112.2075,2115.0,2109.56,2109.56,0.125185
1678129200000.0,2119.5925,2125.28,2112.135,2112.135,2.13716
1678125600000.0,2124.665,2125.28,2119.995,2119.995,0.046865
1678122000000.0,2123.6625000000004,2126.36,2122.12,2124.665,10.073763
1678118400000.0,2125.2599999999998,2129.99,2118.94,2123.085,1.207377
1678114800000.0,2124.4674999999997,2130.0,2117.88,2126.055,15.708956
1678111200000.0,2118.0,2124.995,2116.0,2124.995,1.551168
1678107600000.0,2113.56,2118.0,2111.12,2118.0,1.804743
1678104000000.0,2113.96,2116.8,2111.12,2113.56,0.060433
1678100400000.0,2113.4,2116.8,2110.0,2113.96,0.809909
1678096800000.0,2111.005,2113.4,2110.0,2113.4,1.458
1678093200000.0,2110.8550000000005,2112.11,2107.88,2111.005,0.709001
1678089600000.0,2107.93,2111.715,2102.82,2111.715,4.45415
1678086000000.0,2106.06,2108.74,2106.06,2108.74,0.0
1678082400000.0,2103.4249999999997,2107.64,2100.0,2106.06,0.717263
1678078800000.0,2101.05,2103.0299999999997,2100.0,2103.0299999999997,9.648779
1678075200000.0,2104.05,2106.0,2101.05,2101.05,1.564416
1678071600000.0,2106.9449999999997,2107.89,2104.05,2104.05,0.921123
1678068000000.0,2106.3775,2111.21,2102.4,2106.9449999999997,7.305278
1678064400000.0,2110.5875000000005,2118.05,2104.01,2105.95,12.716217
1678060800000.0,2112.4525000000003,2116.28,2105.79,2110.1450000000004,6.993738
1678057200000.0,2108.92,2113.87,2102.0,2113.87,0.331227
1678053600000.0,2113.58,2117.88,2109.28,2110.37,0.282793
1678050000000.0,2112.63,2118.05,2102.48,2113.58,0.349961
1678046400000.0,2111.0550000000003,2114.995,2110.0,2114.995,0.116334
1678042800000.0,2112.1099999999997,2114.22,2110.0,2111.0550000000003,4.03332
1678039200000.0,2115.1775000000002,2117.19,2112.1099999999997,2112.1099999999997,2.425692
1678035600000.0,2116.6475,2117.88,2115.705,2115.705,0.244417
1678032000000.0,2116.1549999999997,2116.87,2115.76,2116.4750000000004,2.621619
1678028400000.0,2118.39,2123.22,2115.995,2115.995,17.184045
1678024800000.0,2122.1175000000003,2127.96,2117.12,2117.12,11.605526
1678021200000.0,2120.9624999999996,2124.49,2115.37,2121.25,2.343464
1678017600000.0,2119.8875,2121.995,2119.5,2121.995,2.184158
1678014000000.0,2112.315,2121.88,2103.94,2119.5,1.804722
1678010400000.0,2109.9300000000003,2116.33,2103.94,2111.7200000000003,6.079997
1678006800000.0,2111.825,2116.01,2107.89,2109.7250000000004,1.527506
1678003200000.0,2111.7125,2116.11,2107.89,2111.7,3.572042
1677999600000.0,2116.62,2118.67,2111.425,2111.425,0.41884
1677996000000.0,2118.1225000000004,2118.67,2116.71,2116.815,0.146931
1677992400000.0,2118.0775,2119.0,2116.82,2118.5550000000003,2.563976
1677988800000.0,2117.2200000000003,2118.245,2116.39,2118.245,0.138899
1677985200000.0,2107.83,2117.2200000000003,2099.27,2117.2200000000003,1.281419
1677981600000.0,2116.21,2133.15,2099.27,2107.83,2.73254
1677978000000.0,2124.35,2136.99,2112.12,2116.21,29.837025
1677974400000.0,2113.215,2124.145,2111.29,2124.145,0.598335
1677970800000.0,2109.215,2113.215,2105.78,2113.215,10.297163
1677967200000.0,2105.96,2110.84,2102.25,2109.895,0.200338
1677963600000.0,2097.17,2105.375,2092.09,2105.375,0.047378
1677960000000.0,2097.895,2103.7,2092.09,2097.17,3.571002
1677956400000.0,2104.71,2107.46,2097.895,2097.895,2.146383
1677952800000.0,2107.245,2110.48,2103.855,2103.855,1.606481
1677949200000.0,2109.365,2110.48,2106.91,2107.245,0.076193
1677945600000.0,2108.565,2110.035,2106.0,2110.035,1.205977
1677942000000.0,2112.0424999999996,2115.95,2109.0,2109.295,3.934805
1677938400000.0,2113.6175000000003,2116.03,2111.6099999999997,2111.6099999999997,2.922918
1677934800000.0,2114.375,2116.64,2112.11,2113.165,3.905038
1677931200000.0,2115.45,2117.88,2111.52,2114.375,20.833597
1677927600000.0,2115.6375,2117.16,2114.5,2116.2,3.391306
1677924000000.0,2112.07,2117.35,2107.9,2115.445,0.799944
1677920400000.0,2112.5025,2117.88,2107.9,2111.5150000000003,14.109581
1677916800000.0,2115.7974999999997,2118.06,2112.115,2112.115,1.917262
1677913200000.0,2116.735,2119.07,2114.4,2115.365,2.237072
1677909600000.0,2115.395,2119.07,2111.72,2116.735,0.196522
1677906000000.0,2113.715,2117.88,2108.57,2115.395,2.652289
1677902400000.0,2117.7375,2120.0,2114.205,2114.205,2.308989
1677898800000.0,2118.96,2120.0,2117.3050000000003,2117.3050000000003,0.002356
1677895200000.0,2119.0424999999996,2122.93,2116.62,2118.96,2.973596
1677891600000.0,2118.545,2124.9,2116.33,2118.31,6.113006
1677888000000.0,2123.165,2130.0,2116.33,2116.475,0.025778
1677884400000.0,2119.77,2130.0,2109.54,2123.165,0.469599
1677880800000.0,2100.41,2119.77,2090.0,2119.77,2.074426
1677877200000.0,2096.05,2102.1,2090.0,2099.77,0.135752
1677873600000.0,2102.1,2102.1,2096.05,2096.05,0.0
1677870000000.0,2102.1,2102.1,2102.1,2102.1,0.0
1677866400000.0,2109.3700000000003,2120.01,2095.36,2102.1,24.451842
1677862800000.0,2120.6375,2124.24,2111.0550000000003,2111.0550000000003,1.234505
1677859200000.0,2119.9875,2122.4,2116.0,2119.58,3.267969
1677855600000.0,2122.4049999999997,2124.24,2120.775,2120.775,0.712672
1677852000000.0,2122.3625,2127.96,2120.0,2121.9449999999997,2.044777
1677848400000.0,2115.2725,2122.2,2107.89,2120.745,7.074473
1677844800000.0,2113.17,2116.46,2111.0,2115.5,2.28304
1677841200000.0,2114.9224999999997,2116.33,2112.6099999999997,2112.6099999999997,1.318649
1677837600000.0,2117.1549999999997,2122.05,2115.12,2115.2749999999996,32.634209
1677834000000.0,2118.3975,2123.35,2115.12,2115.725,4.75101
1677830400000.0,2118.3100000000004,2129.02,2112.11,2117.56,7.900957
1677826800000.0,2113.67,2116.0550000000003,2111.47,2116.0550000000003,4.176748
1677823200000.0,2116.5425,2119.38,2113.83,2113.83,5.757009
1677819600000.0,2120.925,2126.09,2116.285,2116.285,5.67008
1677816000000.0,2118.2175,2123.57,2111.0,2120.295,24.003416
1677812400000.0,2113.8325,2121.71,2107.89,2119.15,16.70961
1677808800000.0,2103.9475,2120.79,2092.0,2112.865,46.668805
1677805200000.0,2150.24,2215.54,2077.88,2101.5,90.637387
1677801600000.0,2219.08,2223.02,2153.77,2153.77,1.947268
1677798000000.0,2222.765,2224.0,2218.88,2218.88,4.499026
1677794400000.0,2219.115,2225.0,2214.42,2222.42,0.382091
1677790800000.0,2219.21,2224.0,2214.42,2218.52,0.2024
1677787200000.0,2224.0,2224.0,2219.21,2219.21,0.02
1677783600000.0,2208.1200000000003,2224.1,2192.19,2224.0,0.888532
1677780000000.0,2192.19,2208.0950000000003,2192.19,2208.0950000000003,0.0
1677776400000.0,2192.5025,2197.82,2190.0,2192.19,2.127267
1677772800000.0,2193.8999999999996,2202.2,2190.0,2191.0950000000003,13.603268
1677769200000.0,2194.2325,2199.53,2190.0,2191.7,1.045594
1677765600000.0,2194.8675,2199.86,2187.81,2193.7,8.171479
1677762000000.0,2201.65,2209.05,2195.9,2195.9,11.695873
1677758400000.0,2208.2925,2215.37,2199.875,2199.875,0.606703
1677754800000.0,2213.4700000000003,2215.56,2207.925,2207.925,2.00271
1677751200000.0,2215.2725,2219.99,2208.9,2213.0550000000003,5.44526
1677747600000.0,2214.995,2219.99,2210.0,2216.1,0.699552
1677744000000.0,2213.4475,2219.96,2210.0,2214.995,5.829885
1677740400000.0,2216.915,2220.0,2211.915,2211.915,3.943874
1677736800000.0,2217.355,2220.0,2214.42,2216.915,17.388113
1677733200000.0,2217.5,2220.0,2215.0,2217.5,1.178913
1677729600000.0,2213.895,2220.0,2207.79,2217.5,9.57192
1677726000000.0,2212.785,2217.78,2207.79,2213.895,20.13
1677722400000.0,2215.5600000000004,2217.78,2212.785,2212.785,0.163573
1677718800000.0,2221.8500000000004,2230.36,2213.34,2215.5600000000004,2.755579
1677715200000.0,2235.1800000000003,2248.0,2221.8500000000004,2221.8500000000004,34.630866
1677711600000.0,2226.135,2232.0,2220.27,2231.1800000000003,0.712697
1677708000000.0,2219.4325,2226.135,2211.52,2226.135,0.058972
1677704400000.0,2212.215,2222.97,2201.46,2221.62,0.705857
1677700800000.0,2197.86,2212.215,2194.26,2212.215,0.1285
1677697200000.0,2207.81,2222.72,2194.26,2197.86,20.384761
1677693600000.0,2222.77,2225.54,2207.13,2207.13,9.033195
1677690000000.0,2225.2574999999997,2225.54,2222.77,2222.77,0.093288
1677686400000.0,2223.0699999999997,2228.37,2210.0,2225.54,1.438406
1677682800000.0,2231.1,2240.0,2216.03,2226.955,12.380416
1677679200000.0,2228.375,2240.0,2215.87,2234.185,7.119685
1677675600000.0,2216.0675,2228.815,2212.21,2228.815,0.546885
1677672000000.0,2218.6425,2223.0,2215.56,2216.5950000000003,4.386258
1677668400000.0,2219.6625,2222.21,2213.78,2218.005,5.309742
1677664800000.0,2220.9125,2222.21,2218.57,2221.33,0.175667
1677661200000.0,2224.8175,2229.3,2220.01,2221.435,3.078741
1677657600000.0,2228.4,2240.0,2220.01,2224.98,28.078973
1677654000000.0,2227.585,2230.97,2224.11,2226.795,0.967376
1677650400000.0,2226.6949999999997,2230.97,2222.42,2227.63,1.17619
1677646800000.0,2225.63,2235.0,2210.1,2226.6949999999997,23.515244
1677643200000.0,2221.215,2235.0,2206.86,2228.71,13.605293
1677639600000.0,2198.91,2221.5,2188.82,2221.5,5.86494
1677636000000.0,2185.7925,2198.41,2182.17,2198.41,1.118319
1677632400000.0,2172.755,2186.09,2162.15,2186.09,2.861426
1677628800000.0,2168.5,2178.12,2161.56,2172.755,7.178818
1677625200000.0,2174.98,2177.79,2167.16,2167.16,12.032335
1677621600000.0,2171.02,2178.2,2161.8,2174.98,8.046895
1677618000000.0,2183.12,2203.52,2159.15,2172.04,9.225385
1677614400000.0,2197.9500000000003,2204.28,2184.9049999999997,2184.9049999999997,0.978741
1677610800000.0,2202.7625,2214.42,2192.0,2197.76,1.417
1677607200000.0,2212.26,2220.83,2202.315,2202.315,1.066014
1677603600000.0,2207.79,2210.21,2207.79,2210.21,0.0
1677600000000.0,2210.565,2214.42,2206.31,2207.79,2.078305
1677596400000.0,2210.3424999999997,2214.42,2205.42,2210.765,1.676682
1677592800000.0,2209.5525,2222.98,2203.04,2210.765,7.643139
1677589200000.0,2209.3425,2217.0,2204.15,2206.0950000000003,1.91847
1677585600000.0,2207.86,2213.54,2203.04,2208.11,2.866482
1677582000000.0,2197.085,2207.4300000000003,2191.13,2207.4300000000003,7.220206
1677578400000.0,2192.935,2197.29,2191.13,2197.085,18.346441
1677574800000.0,2192.0475,2193.0,2190.0,2191.66,9.169516
1677571200000.0,2196.845,2202.2,2189.98,2192.5950000000003,5.971221
1677567600000.0,2201.1,2202.2,2197.6,2197.6,25.456226
1677564000000.0,2201.7999999999997,2204.4,2198.4,2201.1,3.048674
1677560400000.0,2201.1,2204.4,2195.6,2202.2,12.121609
1677556800000.0,2201.69,2205.88,2195.0,2202.2,6.455283
1677553200000.0,2203.7475,2206.15,2201.48,2202.94,0.955973
1677549600000.0,2201.3149999999996,2203.6800000000003,2200.0,2203.6800000000003,1.321641
1677546000000.0,2200.8,2204.26,2198.68,2201.5299999999997,1.494531
1677542400000.0,2202.4249999999997,2208.29,2198.68,2200.13,4.859966
1677538800000.0,2203.0525000000002,2205.0,2201.365,2201.365,2.465637
1677535200000.0,2195.0025,2205.0,2181.42,2202.885,11.799039
1677531600000.0,2189.2875,2196.795,2184.36,2196.795,0.490546
1677528000000.0,2184.84,2190.0,2175.0,2188.115,4.298347
1677524400000.0,2187.5525,2192.11,2184.05,2187.1800000000003,0.692291
1677520800000.0,2196.425,2208.8,2184.05,2187.025,0.933559
1677517200000.0,2208.5950000000003,2210.0,2196.425,2196.425,1.121934
1677513600000.0,2210.0950000000003,2220.71,2196.66,2209.4,3.881781
1677510000000.0,2226.62,2243.0,2211.505,2211.505,15.070598
1677506400000.0,2240.1,2243.0,2225.38,2225.38,19.96261
1677502800000.0,2229.785,2245.0,2215.57,2240.375,32.640385
1677499200000.0,2217.035,2229.285,2215.57,2229.285,15.359202
1677495600000.0,2213.51,2217.0,2210.02,2216.285,12.422197
1677492000000.0,2213.12,2218.12,2208.93,2213.51,7.526532
1677488400000.0,2215.41,2215.41,2212.715,2212.715,0.0
1677484800000.0,2212.7174999999997,2215.46,2207.79,2215.41,9.319236
1677481200000.0,2214.1000000000004,2217.78,2212.21,2213.81,4.684599
1677477600000.0,2212.1,2214.2,2210.0,2213.205,1.923399
1677474000000.0,2212.365,2215.56,2210.0,2212.1,0.36963
1677470400000.0,2217.685,2221.47,2211.95,2211.95,10.016572
1677466800000.0,2218.2299999999996,2221.47,2214.99,2217.685,1.0
1677463200000.0,2217.4975000000004,2227.94,2213.53,2218.2299999999996,2.673954
1677459600000.0,2212.8100000000004,2214.42,2208.87,2214.26,0.087933
1677456000000.0,2216.79,2220.0,2212.74,2213.9750000000004,0.24125
1677452400000.0,2212.82,2222.22,2204.53,2217.21,0.583022
1677448800000.0,2212.2650000000003,2220.0,2204.53,2212.2650000000003,1.472121
1677445200000.0,2223.5950000000003,2228.84,2212.2650000000003,2212.2650000000003,2.706177
1677441600000.0,2218.7875,2229.61,2210.0,2222.77,7.370564
1677438000000.0,2205.255,2217.77,2200.0,2217.77,7.496285
1677434400000.0,2183.34,2205.51,2165.66,2205.51,7.64855
1677430800000.0,2168.98,2183.34,2165.66,2183.34,0.584532
1677427200000.0,2171.255,2172.72,2168.98,2168.98,2.474328
1677423600000.0,2171.2425000000003,2173.61,2167.75,2171.15,3.169735
1677420000000.0,2174.1725,2179.0,2168.41,2171.8050000000003,10.157925
1677416400000.0,2175.2275,2176.0,2174.62,2174.6400000000003,0.314861
1677412800000.0,2175.2974999999997,2175.99,2174.59,2175.145,0.913585
1677409200000.0,2171.085,2175.99,2166.18,2175.305,0.278643
1677405600000.0,2168.2749999999996,2171.085,2166.18,2171.085,0.6607
1677402000000.0,2167.8675000000003,2174.34,2163.38,2168.2749999999996,0.587625
1677398400000.0,2163.77,2166.875,2163.02,2166.875,1.206525
1677394800000.0,2162.59,2163.2,2162.16,2163.2,0.080536
1677391200000.0,2164.3125,2167.46,2160.99,2162.59,2.72673
1677387600000.0,2167.6499999999996,2168.66,2164.3999999999996,2164.3999999999996,0.610683
1677384000000.0,2169.2825000000003,2170.67,2167.13,2167.6499999999996,0.232218
1677380400000.0,2170.88,2176.48,2167.83,2169.665,4.466765
1677376800000.0,2159.6875,2169.605,2150.0,2169.605,2.122958
1677373200000.0,2153.1800000000003,2160.105,2151.67,2160.105,1.147206
1677369600000.0,2156.76,2161.18,2152.3,2152.3,0.619764
1677366000000.0,2153.925,2160.0,2147.85,2156.465,0.368838
1677362400000.0,2131.425,2153.925,2115.0,2153.925,0.467725
1677358800000.0,2115.0,2131.425,2115.0,2131.425,0.0
1677355200000.0,2127.665,2142.96,2115.0,2115.0,18.518314
1677351600000.0,2141.675,2147.0,2126.35,2126.35,3.126134
1677348000000.0,2156.035,2165.07,2142.35,2142.35,2.080064
1677344400000.0,2163.1875,2165.07,2156.035,2156.035,1.541667
1677340800000.0,2160.72,2163.505,2159.39,2163.505,0.026113
1677337200000.0,2161.395,2163.4,2159.39,2160.665,0.502137
1677333600000.0,2166.3999999999996,2169.58,2161.395,2161.395,3.356353
1677330000000.0,2169.58,2169.58,2166.49,2166.49,0.0
1677326400000.0,2166.7075,2169.58,2161.19,2169.58,7.958628
1677322800000.0,2164.6575,2168.0299999999997,2162.16,2168.0299999999997,4.888796
1677319200000.0,2166.1275,2171.98,2162.16,2164.3199999999997,4.443352
1677315600000.0,2168.8475,2170.49,2165.185,2165.185,2.030776
1677312000000.0,2170.425,2176.52,2167.83,2168.865,7.403433
1677308400000.0,2167.1449999999995,2169.39,2164.88,2168.675,0.798208
1677304800000.0,2163.18,2167.44,2159.4,2167.1549999999997,1.778003
1677301200000.0,2160.93,2164.4,2156.33,2162.94,11.405151
1677297600000.0,2162.2400000000002,2164.32,2160.0,2161.495,1.480725
1677294000000.0,2161.3725,2166.48,2158.98,2162.32,9.45502
1677290400000.0,2165.165,2171.35,2158.98,2160.0150000000003,0.291295
1677286800000.0,2169.675,2172.17,2165.165,2165.165,8.813507
1677283200000.0,2171.3075,2175.71,2167.59,2169.4700000000003,0.666267
1677279600000.0,2169.825,2174.34,2165.31,2170.965,1.150761
1677276000000.0,2167.5499999999997,2170.0,2164.89,2169.825,1.946538
1677272400000.0,2177.1050000000005,2184.36,2167.6549999999997,2167.6549999999997,0.609798
1677268800000.0,2177.43,2187.0,2169.18,2177.1800000000003,0.161185
1677265200000.0,2160.45,2176.77,2144.64,2176.77,15.71191
1677261600000.0,2155.195,2163.99,2151.59,2163.99,9.633747
1677258000000.0,2151.8325,2155.195,2151.59,2155.195,1.832505
1677254400000.0,2153.3325,2165.0,2131.33,2151.795,31.559519
1677250800000.0,2185.2400000000002,2206.18,2158.5,2158.5,19.973506
1677247200000.0,2204.3549999999996,2210.98,2185.59,2185.59,37.122578
1677243600000.0,2214.955,2227.13,2201.0,2205.37,19.508063
1677240000000.0,2220.645,2227.13,2214.16,2215.8450000000003,0.004485
1677236400000.0,2216.1025,2220.645,2214.16,2220.645,0.592501
1677232800000.0,2215.05,2218.79,2206.54,2215.9700000000003,0.950843
1677229200000.0,2219.2775,2224.44,2217.09,2217.4350000000004,2.907835
1677225600000.0,2220.505,2224.01,2216.52,2217.79,6.131334
1677222000000.0,2218.8625,2223.0,2212.82,2220.745,2.522512
1677218400000.0,2213.315,2219.815,2210.0,2219.815,1.818403
1677214800000.0,2213.6125,2217.43,2209.59,2213.315,1.270406
1677211200000.0,2215.4225,2217.78,2213.24,2213.715,1.133515
1677207600000.0,2214.2775,2217.78,2212.71,2215.335,2.601993
1677204000000.0,2219.06,2224.74,2213.31,2213.31,5.708926
1677200400000.0,2218.7825000000003,2227.01,2211.69,2219.06,38.980334
1677196800000.0,2212.2175,2220.0,2208.59,2218.215,0.304207
1677193200000.0,2207.5275,2211.0,2205.26,2210.1400000000003,0.065329
1677189600000.0,2213.165,2223.2,2201.0,2206.925,0.254884
1677186000000.0,2220.49,2223.2,2214.23,2214.23,1.416579
1677182400000.0,2219.1875,2222.22,2217.78,2220.49,0.530858
1677178800000.0,2213.115,2218.97,2207.26,2218.375,0.022443
1677175200000.0,2207.525,2213.115,2207.26,2213.115,0.018501
1677171600000.0,2212.275,2226.99,2200.0,2207.525,29.980553
1677168000000.0,2219.2925,2229.43,2211.0550000000003,2211.0550000000003,0.892529
1677164400000.0,2223.725,2231.54,2212.72,2216.71,4.855486
1677160800000.0,2222.885,2240.0,2210.0,2225.3199999999997,22.994056
1677157200000.0,2217.23,2238.92,2210.0,2220.77,15.218572
1677153600000.0,2199.56,2210.0,2185.62,2210.0,23.726029
1677150000000.0,2209.7025,2227.0,2192.19,2201.31,6.938716
1677146400000.0,2226.27,2227.0,2209.81,2209.81,0.948
1677142800000.0,2228.125,2231.75,2225.54,2226.27,7.596574
1677139200000.0,2227.05,2229.67,2224.43,2227.605,6.74934
1677135600000.0,2223.42,2227.05,2220.37,2227.05,4.926227
1677132000000.0,2221.7825000000003,2224.44,2217.78,2224.435,2.18844
1677128400000.0,2222.8624999999997,2227.77,2220.47,2222.455,1.247069
1677124800000.0,2224.0699999999997,2227.06,2220.01,2221.6049999999996,15.435215
1677121200000.0,2229.535,2235.0,2224.44,2224.6049999999996,5.143941
1677117600000.0,2213.1125,2233.0,2193.61,2229.35,28.507025
1677114000000.0,2191.0275,2212.92,2186.89,2212.92,7.937054
1677110400000.0,2192.7,2197.8,2190.0,2191.8050000000003,0.135595
1677106800000.0,2189.94,2198.76,2184.0,2191.5,15.544494
1677103200000.0,2173.37,2188.5,2162.74,2188.5,0.069128
1677099600000.0,2160.29,2173.37,2157.84,2173.37,0.052673
1677096000000.0,2159.11,2160.38,2157.84,2160.29,0.23144
1677092400000.0,2162.235,2178.69,2153.52,2159.11,14.724187
1677088800000.0,2154.6425,2159.5,2151.36,2158.365,11.932448
1677085200000.0,2148.84,2154.0,2145.0,2153.855,12.624104
1677081600000.0,2149.4875,2157.84,2137.27,2148.1800000000003,11.59316
1677078000000.0,2163.69,2174.34,2150.0,2151.42,17.537008
1677074400000.0,2185.1275,2197.8,2165.21,2165.21,5.33716
1677070800000.0,2196.05,2197.8,2185.19,2185.19,5.461848
1677067200000.0,2196.4,2200.0,2195.0,2196.7,7.081316
1677063600000.0,2194.37,2196.24,2190.0,2195.3,2.820707
1677060000000.0,2193.12,2196.24,2190.0,2195.62,6.745346
1677056400000.0,2181.085,2193.12,2172.17,2193.12,1.217394
1677052800000.0,2182.9625,2194.38,2172.17,2181.085,2.843077
1677049200000.0,2185.9725,2193.13,2176.95,2182.65,0.621518
1677045600000.0,2186.9700000000003,2193.26,2180.68,2186.9049999999997,3.643604
1677042000000.0,2191.9825,2196.24,2183.43,2186.9700000000003,20.034309
1677038400000.0,2198.0150000000003,2201.04,2194.13,2194.13,1.254781
1677034800000.0,2197.7599999999998,2201.02,2193.4,2198.01,21.182702
1677031200000.0,2187.985,2200.0,2170.0,2198.31,4.958134
1677027600000.0,2199.355,2213.34,2186.34,2190.9700000000003,24.071401
1677024000000.0,2215.3575,2222.0,2198.87,2198.87,0.981445
1677020400000.0,2211.3975,2216.63,2203.37,2214.0150000000003,5.805395
1677016800000.0,2201.235,2212.795,2190.35,2212.795,8.739689
1677013200000.0,2210.0874999999996,2230.0,2189.12,2202.325,14.158898
1677009600000.0,2228.5175,2232.99,2210.615,2210.615,4.924659
1677006000000.0,2232.7175,2239.34,2222.19,2227.77,7.678661
1677002400000.0,2235.48,2245.0,2224.26,2234.67,16.439436
1676998800000.0,2225.4825,2236.33,2217.17,2236.33,2.367667
1676995200000.0,2219.7725,2225.86,2211.8,2225.7200000000003,1.246892
1676991600000.0,2224.385,2233.0,2208.51,2220.715,25.896577
1676988000000.0,2229.0025,2237.05,2223.12,2228.015,8.041496
1676984400000.0,2231.0225,2239.3,2223.12,2227.92,5.726505
1676980800000.0,2232.675,2240.61,2224.87,2230.835,12.453009
1676977200000.0,2229.2799999999997,2234.96,2226.67,2232.61,4.70304
1676973600000.0,2226.4925,2230.29,2222.86,2227.745,8.764161
1676970000000.0,2231.3175,2247.27,2224.0,2226.41,19.136263
1676966400000.0,2253.035,2281.42,2227.0,2227.0,8.530638
1676962800000.0,2271.67,2271.67,2250.835,2250.835,0.5
1676959200000.0,2265.84,2271.67,2259.59,2271.67,6.853869
1676955600000.0,2259.7650000000003,2266.05,2254.54,2266.05,8.415619
1676952000000.0,2266.61,2271.38,2261.135,2261.135,0.216681
1676948400000.0,2276.3199999999997,2283.91,2266.08,2266.61,10.372287
1676944800000.0,2278.1475,2284.14,2272.27,2277.645,4.50261
1676941200000.0,2272.4975,2278.09,2266.82,2278.09,7.785393
1676937600000.0,2271.73,2275.45,2266.02,2273.8599999999997,6.230895
1676934000000.0,2266.125,2272.725,2262.25,2272.725,0.253555
1676930400000.0,2265.6650000000004,2270.86,2258.69,2266.125,0.02644
1676926800000.0,2271.23,2271.6,2266.5550000000003,2266.5550000000003,0.174741
1676923200000.0,2272.4,2275.0,2270.0,2271.23,2.323942
1676919600000.0,2264.0,2273.0,2255.0,2272.3,0.03
1676916000000.0,2260.8900000000003,2266.78,2255.0,2264.0,2.0
1676912400000.0,2265.17,2266.78,2260.8900000000003,2260.8900000000003,4.394491
1676908800000.0,2262.0175,2270.0,2244.51,2265.17,21.377292
1676905200000.0,2275.3150000000005,2282.28,2266.7,2266.7799999999997,5.603872
1676901600000.0,2273.6400000000003,2282.28,2260.0,2276.1400000000003,13.294568
1676898000000.0,2271.55,2276.2,2270.0,2276.1400000000003,3.175772
1676894400000.0,2275.985,2282.28,2270.0,2270.0,2.54764
1676890800000.0,2279.64,2285.0,2275.83,2275.83,7.617931
1676887200000.0,2279.2275,2285.0,2275.95,2278.805,8.939008
1676883600000.0,2268.7175,2285.0,2253.83,2277.98,7.964958
1676880000000.0,2257.8825,2268.0200000000004,2256.03,2268.0200000000004,2.574015
1676876400000.0,2256.3125,2260.0,2252.89,2257.75,0.369314
1676872800000.0,2251.5975,2258.0,2247.75,2256.18,22.491574
1676869200000.0,2251.215,2255.31,2247.75,2250.3199999999997,15.786631
1676865600000.0,2251.025,2254.05,2248.0,2250.9,1.621912
1676862000000.0,2244.3650000000002,2251.025,2240.0,2251.025,1.406791
1676858400000.0,2233.6675,2244.48,2223.31,2244.2650000000003,14.204572
1676854800000.0,2228.1000000000004,2240.0,2206.05,2233.44,14.157132
1676851200000.0,2244.6425,2249.36,2233.175,2233.175,2.07773
1676847600000.0,2247.5525,2250.0,2244.605,2244.605,2.720124
1676844000000.0,2247.935,2252.25,2245.5,2247.355,0.213284
1676840400000.0,2239.245,2248.49,2230.0,2246.995,5.064429
1676836800000.0,2240.0,2250.0,2230.0,2239.245,1.67164
1676833200000.0,2249.775,2250.0,2240.0,2240.0,1.130016
1676829600000.0,2243.775,2249.775,2238.0,2249.775,0.006632
1676826000000.0,2251.1675,2266.63,2238.0,2243.775,12.473405
1676822400000.0,2272.6225000000004,2291.05,2250.02,2250.02,5.786701
1676818800000.0,2274.4625,2290.0,2263.85,2271.0950000000003,34.933415
1676815200000.0,2265.5525,2275.26,2261.55,2272.0,5.23888
1676811600000.0,2260.185,2263.6,2251.99,2262.7,5.058465
1676808000000.0,2259.5299999999997,2263.6,2255.46,2262.575,4.46158
1676804400000.0,2260.065,2264.67,2255.46,2259.5299999999997,7.584577
1676800800000.0,2261.7675,2264.67,2258.35,2260.065,1.092184
1676797200000.0,2258.1175000000003,2262.09,2250.0,2262.025,5.259799
1676793600000.0,2258.85,2262.25,2255.48,2260.19,2.220141
1676790000000.0,2259.46,2262.25,2256.67,2258.835,2.504997
1676786400000.0,2264.6425,2270.09,2259.46,2259.46,4.415871
1676782800000.0,2267.1425,2275.0,2263.115,2263.115,3.037283
1676779200000.0,2264.75,2268.89,2262.25,2264.795,14.648494
1676775600000.0,2262.4075000000003,2263.9300000000003,2262.25,2263.9300000000003,0.557679
1676772000000.0,2261.8525,2264.08,2260.0,2262.25,7.294211
1676768400000.0,2259.995,2263.56,2257.26,2261.665,1.815679
1676764800000.0,2255.88,2259.9,2252.77,2259.58,0.281014
1676761200000.0,2252.77,2255.425,2252.77,2255.425,0.0
1676757600000.0,2252.77,2252.77,2252.77,2252.77,0.0
1676754000000.0,2247.505,2252.77,2242.24,2252.77,0.039555
1676750400000.0,2245.6099999999997,2250.0,2242.24,2247.505,0.086184
1676746800000.0,2250.9925000000003,2256.57,2245.1,2245.1,2.311547
1676743200000.0,2260.3399999999997,2279.99,2249.7200000000003,2249.7200000000003,8.848896
1676739600000.0,2261.7,2264.99,2254.9449999999997,2254.9449999999997,3.349973
1676736000000.0,2265.5899999999997,2266.77,2261.7,2261.7,1.24045
1676732400000.0,2264.5225,2267.25,2262.15,2265.765,0.511468
1676728800000.0,2263.55,2267.05,2260.0,2264.3450000000003,3.234448
1676725200000.0,2272.04,2279.08,2263.575,2263.575,2.078799
1676721600000.0,2270.6274999999996,2279.08,2260.54,2272.04,19.296244
1676718000000.0,2261.63,2271.4449999999997,2259.45,2271.4449999999997,1.02232
1676714400000.0,2264.1675,2269.64,2257.94,2261.63,5.092884
1676710800000.0,2264.91,2270.0,2260.0,2264.545,3.765161
1676707200000.0,2252.0424999999996,2264.8199999999997,2241.45,2264.8199999999997,58.398633
1676703600000.0,2245.07,2253.3599999999997,2237.76,2253.3599999999997,14.259657
1676700000000.0,2246.6125,2249.0,2243.25,2247.31,11.174453
1676696400000.0,2247.4075000000003,2248.63,2246.07,2247.1000000000004,1.885998
1676692800000.0,2247.2325,2253.4,2243.45,2247.465,6.398173
1676689200000.0,2238.45,2246.04,2233.45,2246.04,17.515443
1676685600000.0,2240.1724999999997,2252.25,2224.99,2238.45,29.995645
1676682000000.0,2246.46,2250.65,2240.28,2241.725,10.380391
1676678400000.0,2240.7400000000002,2247.455,2233.28,2247.455,0.608946
1676674800000.0,2238.7825000000003,2246.35,2234.46,2242.385,0.565947
1676671200000.0,2231.8475,2240.9,2211.13,2237.16,0.18971
1676667600000.0,2250.55,2260.2,2237.6800000000003,2237.6800000000003,4.804729
1676664000000.0,2258.29,2265.0,2250.55,2250.55,13.681293
1676660400000.0,2241.99,2257.09,2230.0,2257.09,14.596591
1676656800000.0,2233.88,2241.99,2230.0,2241.99,2.0
1676653200000.0,2228.0924999999997,2252.13,2211.24,2233.88,17.062679
1676649600000.0,2213.6475,2226.66,2202.88,2224.5,8.113465
1676646000000.0,2201.925,2213.81,2190.04,2212.5249999999996,12.732048
1676642400000.0,2201.8225,2225.93,2190.04,2201.925,22.156988
1676638800000.0,2200.87,2204.4,2193.4,2195.66,8.548869
1676635200000.0,2205.2400000000002,2209.42,2202.84,2202.84,1.974341
1676631600000.0,2207.4,2213.0,2200.03,2203.985,5.985634
1676628000000.0,2201.8575,2213.0,2189.83,2208.285,22.65265
1676624400000.0,2192.9,2202.3,2190.0,2202.3,9.590397
1676620800000.0,2183.67,2190.8,2177.34,2190.8,0.248717
1676617200000.0,2185.3825,2199.0,2177.34,2183.67,13.065425
1676613600000.0,2185.695,2187.85,2180.0,2182.5950000000003,7.595948
1676610000000.0,2184.9425,2187.465,2182.18,2187.465,2.038612
1676606400000.0,2186.685,2192.19,2180.02,2185.255,5.800848
1676602800000.0,2187.74,2191.1,2183.33,2187.265,1.875391
1676599200000.0,2183.5724999999998,2188.81,2180.0,2188.265,4.989658
1676595600000.0,2175.3575,2183.0,2169.19,2182.74,12.278939
1676592000000.0,2170.8250000000003,2219.11,2145.0,2174.62,9.97799
1676588400000.0,2157.0,2164.0,2150.0,2159.5950000000003,5.586282
1676584800000.0,2177.1575000000003,2196.45,2155.25,2157.0,3.608599
1676581200000.0,2202.6025,2213.81,2178.465,2178.465,4.446547
1676577600000.0,2226.8475,2245.32,2203.37,2203.37,6.879811
1676574000000.0,2244.8275,2248.74,2228.5299999999997,2228.5299999999997,21.597699
1676570400000.0,2249.085,2256.57,2245.02,2245.125,25.351334
1676566800000.0,2250.2749999999996,2257.74,2237.87,2247.375,5.798587
1676563200000.0,2255.375,2275.88,2220.88,2252.745,63.465485
1676559600000.0,2236.34,2267.0,2205.04,2262.37,48.156875
1676556000000.0,2201.6,2236.66,2195.0,2236.66,20.414579
1676552400000.0,2208.0475,2220.0,2198.76,2202.54,37.05535
1676548800000.0,2208.545,2216.63,2201.44,2206.715,25.396504
1676545200000.0,2200.28,2210.0,2179.68,2208.0550000000003,18.717602
1676541600000.0,2200.2725,2213.12,2188.97,2205.7200000000003,40.479025
1676538000000.0,2188.0975,2199.5,2185.51,2199.5,6.683509
1676534400000.0,2175.925,2188.99,2140.0,2188.94,10.12926
1676530800000.0,2174.2174999999997,2189.0,2142.0,2187.355,27.075793
1676527200000.0,2184.2075,2196.78,2180.0,2182.935,3.318291
1676523600000.0,2198.985,2219.88,2180.0,2180.025,4.509235
1676520000000.0,2212.1724999999997,2217.44,2198.03,2198.03,2.85607
1676516400000.0,2202.56,2220.0,2188.72,2213.315,31.891114
1676512800000.0,2203.42,2220.0,2186.0,2200.76,27.2071
1676509200000.0,2220.37,2224.0,2203.84,2203.84,11.924882
1676505600000.0,2206.52,2224.69,2185.39,2220.37,16.553458
1676502000000.0,2190.35,2208.0,2185.4,2208.0,6.676098
1676498400000.0,2194.4925,2203.07,2182.99,2192.0,6.380558
1676494800000.0,2204.845,2210.22,2195.955,2195.955,4.265853
1676491200000.0,2194.3424999999997,2227.75,2170.14,2204.625,29.078915
1676487600000.0,2148.0699999999997,2189.74,2126.0,2189.74,16.148735
1676484000000.0,2119.495,2148.0699999999997,2112.1,2148.0699999999997,4.022217
1676480400000.0,2109.9825,2119.94,2104.29,2119.94,2.235589
1676476800000.0,2110.5750000000003,2115.0,2105.78,2110.88,6.533955
1676473200000.0,2106.1949999999997,2114.16,2098.49,2110.76,67.529648
1676469600000.0,2105.37,2113.51,2098.49,2106.0649999999996,25.025163
1676466000000.0,2120.29,2149.5,2104.74,2104.74,124.805
1676462400000.0,2108.75,2120.0,2099.0,2112.995,21.346363
1676458800000.0,2090.5025,2108.0,2080.0,2108.0,22.559792
1676455200000.0,2074.23,2090.5,2068.46,2090.5,20.382199
1676451600000.0,2068.26,2074.23,2067.02,2074.23,0.122028
1676448000000.0,2068.1000000000004,2069.62,2067.0,2068.62,0.316573
1676444400000.0,2068.5,2070.0,2067.0,2067.8900000000003,4.835018
1676440800000.0,2068.23,2070.0,2066.46,2068.5,7.556393
1676437200000.0,2067.13,2068.68,2065.88,2068.23,8.131479
1676433600000.0,2065.315,2067.5,2063.13,2066.98,1.524
1676430000000.0,2061.8275,2065.315,2059.0,2065.315,1.977735
1676426400000.0,2062.2325,2065.0,2058.75,2061.6549999999997,20.135246
1676422800000.0,2065.41,2068.41,2062.06,2062.59,9.115375
1676419200000.0,2070.76,2075.63,2065.585,2065.585,2.240139
1676415600000.0,2075.4875,2082.08,2070.775,2070.775,17.776377
1676412000000.0,2071.525,2074.19,2070.05,2074.19,0.01
1676408400000.0,2070.8625,2071.68,2070.04,2071.525,1.203366
1676404800000.0,2076.215,2081.0,2070.865,2070.865,8.858752
1676401200000.0,2072.4300000000003,2080.5,2064.36,2076.09,2.870234
1676397600000.0,2065.275,2072.4300000000003,2064.36,2072.4300000000003,0.251451
1676394000000.0,2057.4,2064.79,2050.01,2064.575,0.474719
1676390400000.0,2056.5275,2067.0,2050.0,2057.4,14.539677
1676386800000.0,2063.54,2080.0,2048.88,2054.5550000000003,26.554598
1676383200000.0,2039.545,2100.0,1985.0,2062.64,53.814339
1676379600000.0,2004.4924999999998,2036.59,1992.99,2036.59,1.885915
1676376000000.0,2004.9975,2010.0,2001.0,2007.495,4.807234
1676372400000.0,2000.7475,2004.495,2000.0,2004.495,9.398453
1676368800000.0,1996.9975,2001.0,1993.0,2000.995,3.787724
1676365200000.0,1989.005,1996.995,1985.01,1996.995,1.973984
1676361600000.0,1988.0025,1992.99,1985.01,1989.005,0.127754
1676358000000.0,1987.26,1989.0,1982.05,1987.005,6.10578
1676354400000.0,1988.99,1988.995,1988.99,1988.995,0.170102
1676350800000.0,1985.5175,1989.0,1982.04,1988.99,7.414082
1676347200000.0,1984.51,1986.98,1982.04,1985.5149999999999,20.056246
1676343600000.0,1986.9850000000001,1986.99,1984.51,1984.51,0.115962
1676340000000.0,1984.475,1986.99,1981.96,1986.9850000000001,1.37281
1676336400000.0,1982.0,1984.475,1981.96,1984.475,8.924097
1676332800000.0,1984.495,1986.99,1981.96,1982.0,4.28722
1676329200000.0,1985.0125,1987.0,1983.03,1984.5149999999999,5.149096
1676325600000.0,1978.9499999999998,1985.01,1974.87,1985.01,4.093457
1676322000000.0,1978.42,1981.97,1974.87,1978.9499999999998,0.44458
1676318400000.0,1984.1025,1987.92,1978.42,1978.42,0.739959
1676314800000.0,1985.21,1987.92,1982.0,1984.9450000000002,13.701374
1676311200000.0,1966.5,1985.46,1950.0,1985.46,3.514483
1676307600000.0,1956.0825,1966.5,1950.0,1966.5,1.62404
1676304000000.0,1964.42,1980.0,1950.0,1954.3400000000001,11.061005
1676300400000.0,1976.425,1983.85,1963.8400000000001,1963.8400000000001,24.971062
1676296800000.0,1978.4025000000001,1983.85,1970.0,1976.425,20.134225
1676293200000.0,1981.1025,1987.0,1974.5,1979.88,29.304234
1676289600000.0,1984.4475000000002,1989.77,1978.02,1981.455,5.737603
1676286000000.0,1980.4374999999998,1985.0,1976.04,1985.0,22.469988
1676282400000.0,1977.81,1986.3,1962.0,1980.4299999999998,34.827127
1676278800000.0,1993.83,2010.12,1970.0,1981.4699999999998,44.752383
1676275200000.0,2019.7724999999998,2029.78,1997.6,1997.6,4.825426
1676271600000.0,2027.7975000000001,2030.0,2019.5949999999998,2019.5949999999998,0.27479
1676268000000.0,2027.1100000000001,2028.22,2025.94,2027.565,1.829336
1676264400000.0,2027.5325,2029.0,2023.91,2027.1399999999999,6.031115
1676260800000.0,2025.665,2029.0,2022.33,2028.6100000000001,1.217665
1676257200000.0,2019.7724999999998,2025.665,2016.03,2025.665,2.156097
1676253600000.0,2012.2675,2019.1799999999998,2005.0,2019.1799999999998,10.214159
1676250000000.0,2020.005,2028.0,2012.01,2014.02,4.278051
1676246400000.0,2021.0225,2028.0,2011.88,2020.005,4.38823
1676242800000.0,2010.05,2022.105,2002.0,2022.105,5.465012
1676239200000.0,2008.75,2016.5,2000.0,2009.105,10.760681
1676235600000.0,2032.585,2050.3,2009.25,2009.25,5.504107
1676232000000.0,2052.195,2054.09,2033.4,2033.4,0.202515
1676228400000.0,2054.09,2054.09,2052.195,2052.195,0.0
1676224800000.0,2056.545,2060.0,2052.09,2054.09,0.113696
1676221200000.0,2058.6125,2060.0,2054.45,2057.045,0.735946
1676217600000.0,2053.06,2060.0,2046.12,2060.0,4.566896
1676214000000.0,2045.035,2053.06,2041.01,2053.06,7.00119
1676210400000.0,2043.7675,2051.99,2041.01,2043.565,2.945961
1676206800000.0,2041.03,2041.06,2041.0,2041.0349999999999,0.848374
1676203200000.0,2044.83,2048.66,2041.0,2041.03,3.485178
1676199600000.0,2049.585,2050.51,2044.83,2044.83,0.011279
1676196000000.0,2047.9,2050.51,2043.08,2049.585,4.154672
1676192400000.0,2047.5,2049.005,2047.5,2049.005,0.008706
1676188800000.0,2045.56,2047.5,2042.04,2047.5,0.144617
1676185200000.0,2044.165,2046.35,2041.0,2046.35,16.468672
1676181600000.0,2045.615,2047.08,2044.92,2045.2150000000001,4.115293
1676178000000.0,2043.9624999999999,2045.23,2041.78,2045.23,1.253713
1676174400000.0,2045.2324999999998,2048.16,2041.0,2044.42,1.303174
1676170800000.0,2046.2675,2048.16,2042.64,2045.8849999999998,6.279205
1676167200000.0,2043.6799999999998,2047.1349999999998,2041.0,2047.1349999999998,5.208305
1676163600000.0,2043.595,2045.69,2041.5,2043.8049999999998,0.136443
1676160000000.0,2050.92,2056.15,2043.595,2043.595,0.039725
1676156400000.0,2046.91,2056.15,2037.67,2050.92,3.119848
1676152800000.0,2041.075,2046.91,2037.67,2046.91,0.05
1676149200000.0,2038.815,2044.48,2033.15,2041.075,0.496834
1676145600000.0,2028.51,2038.815,2023.87,2038.815,0.046982
1676142000000.0,2025.645,2029.36,2023.76,2028.51,2.262327
1676138400000.0,2024.5825,2028.62,2020.08,2024.73,2.55246
1676134800000.0,2024.405,2024.815,2024.0,2024.815,0.369486
1676131200000.0,2029.425,2034.06,2024.415,2024.415,0.842392
1676127600000.0,2033.28,2035.0,2029.425,2029.425,8.846464
1676124000000.0,2031.9225000000001,2035.11,2028.52,2033.045,5.024567
1676120400000.0,2027.835,2032.03,2023.64,2032.03,3.653537
1676116800000.0,2024.3325,2027.835,2022.0,2027.835,1.437276
1676113200000.0,2024.9825,2025.63,2024.04,2024.6350000000002,9.436009
1676109600000.0,2026.69,2028.85,2024.63,2025.13,0.262838
1676106000000.0,2028.7649999999999,2030.92,2025.94,2026.64,7.679101
1676102400000.0,2026.73,2029.55,2023.91,2029.1,0.71451
1676098800000.0,2023.0425,2027.28,2020.49,2026.73,2.804099
1676095200000.0,2021.1625000000001,2023.45,2020.01,2022.2,2.399498
1676091600000.0,2023.0375,2026.79,2020.595,2020.595,4.694865
1676088000000.0,2023.9475,2023.96,2022.33,2022.33,1.991217
1676084400000.0,2022.74,2027.0,2020.0,2023.96,0.624137
1676080800000.0,2017.9899999999998,2021.98,2015.98,2021.98,0.499538
1676077200000.0,2018.9899999999998,2022.0,2015.98,2017.99,8.058399
1676073600000.0,2019.7275,2022.0,2014.53,2018.99,0.767707
1676070000000.0,2005.19,2021.19,1990.0,2021.19,0.792731
1676066400000.0,1990.0,2005.19,1990.0,2005.19,0.0
1676062800000.0,2017.31,2044.62,1990.0,1990.0,17.320301
1676059200000.0,2044.62,2044.62,2017.31,2017.31,0.0
1676055600000.0,2041.06,2049.0,2035.31,2044.62,0.476019
1676052000000.0,2032.1599999999999,2039.965,2029.01,2039.965,0.046932
1676048400000.0,2026.865,2032.1599999999999,2023.21,2032.1599999999999,3.558937
1676044800000.0,2027.605,2040.0,2023.21,2026.1100000000001,7.667289
1676041200000.0,2036.035,2056.25,2008.01,2023.605,10.51431
1676037600000.0,2048.36,2057.25,2035.35,2039.94,5.688266
1676034000000.0,2040.73,2050.42,2035.92,2050.42,3.652646
1676030400000.0,2040.1925,2047.85,2035.92,2040.44,8.013853
1676026800000.0,2047.1425,2054.62,2038.5,2038.5,16.93081
1676023200000.0,2053.2525,2056.15,2046.435,2046.435,1.088214
1676019600000.0,2056.085,2058.14,2053.425,2053.425,0.375629
1676016000000.0,2058.645,2062.7,2055.6,2055.6,1.987429
1676012400000.0,2054.4049999999997,2059.6,2044.32,2057.87,21.007164
1676008800000.0,2045.725,2058.2,2035.3,2056.85,11.290973
1676005200000.0,2040.2825,2046.26,2035.3,2044.6999999999998,4.810276
1676001600000.0,2046.955,2053.05,2039.7849999999999,2039.7849999999999,5.451215
1675998000000.0,2053.25,2056.0,2047.385,2047.385,8.538503
1675994400000.0,2054.41,2056.15,2050.0,2053.25,6.809437
1675990800000.0,2052.6375,2056.15,2048.51,2055.745,19.284958
1675987200000.0,2051.6825,2058.45,2048.94,2052.9449999999997,99.431947
1675983600000.0,2040.6125,2051.61,2030.95,2049.67,16.092859
1675980000000.0,2036.2775,2054.16,2030.0,2039.9450000000002,8.726009
1675976400000.0,2058.75,2090.0,2030.0,2030.475,14.473017
1675972800000.0,2085.065,2090.4,2057.5,2057.5,43.879915
1675969200000.0,2116.84,2157.94,2068.62,2083.9300000000003,60.733507
1675965600000.0,2150.74,2157.94,2120.4,2120.4,0.653389
1675962000000.0,2144.2725,2151.55,2141.0,2150.74,1.584982
1675958400000.0,2150.5,2160.0,2141.0,2142.27,1.862541
1675954800000.0,2160.4575,2161.29,2150.5,2150.5,4.6582
1675951200000.0,2162.635,2170.0,2160.0,2160.27,22.008056
1675947600000.0,2162.83,2167.0,2160.0,2160.27,4.58174
1675944000000.0,2159.2025,2164.32,2150.0,2162.16,9.12446
1675940400000.0,2157.9425,2161.245,2156.0,2161.245,5.544328
1675936800000.0,2157.045,2159.18,2155.7,2157.885,1.538516
1675933200000.0,2156.8125,2158.01,2155.7,2156.6499999999996,4.572515
1675929600000.0,2157.0425,2159.99,2155.17,2156.77,1.764095
1675926000000.0,2158.665,2162.16,2155.17,2156.505,0.957291
1675922400000.0,2156.9449999999997,2162.16,2149.46,2158.665,12.055701
1675918800000.0,2152.5375,2158.08,2150.0,2158.08,4.756516
1675915200000.0,2144.8875000000003,2153.075,2135.1,2153.075,11.780525
1675911600000.0,2148.8275,2160.08,2135.0,2146.15,20.100895
1675908000000.0,2173.835,2187.59,2150.115,2150.115,9.159096
1675904400000.0,2186.8975,2193.71,2173.835,2173.835,8.345779
1675900800000.0,2186.615,2189.46,2181.0,2188.525,0.188968
1675897200000.0,2185.3325,2188.0,2180.45,2188.0,0.449868
1675893600000.0,2184.085,2189.34,2180.0,2186.77,0.139378
1675890000000.0,2180.0,2183.5,2180.0,2183.5,0.0
1675886400000.0,2180.905,2182.17,2179.28,2180.0,5.501636
1675882800000.0,2181.0825,2182.17,2177.82,2181.085,0.141523
1675879200000.0,2183.3775,2185.62,2180.1,2182.17,0.165506
1675875600000.0,2187.08,2190.71,2181.99,2183.895,18.473276
1675872000000.0,2182.27,2190.0,2160.08,2187.81,20.729945
1675868400000.0,2195.7574999999997,2203.22,2189.0,2189.5,8.831097
1675864800000.0,2209.4525,2220.36,2195.4049999999997,2195.4049999999997,10.042125
1675861200000.0,2211.665,2213.83,2207.8199999999997,2207.8199999999997,2.806222
1675857600000.0,2207.3374999999996,2211.915,2203.37,2211.915,2.673519
1675854000000.0,2207.1025,2211.27,2205.58,2207.79,1.231158
1675850400000.0,2205.98,2205.98,2205.7799999999997,2205.7799999999997,0.0
1675846800000.0,2207.055,2209.49,2205.59,2205.98,4.032986
1675843200000.0,2210.795,2214.43,2206.5699999999997,2206.5699999999997,1.569991
1675839600000.0,2208.6899999999996,2214.43,2202.95,2210.795,1.546734
1675836000000.0,2207.8725,2216.48,2199.86,2208.6899999999996,19.289833
1675832400000.0,2215.6075,2219.1,2207.575,2207.575,1.299854
1675828800000.0,2218.2725,2218.93,2215.5649999999996,2215.5649999999996,2.36441
1675825200000.0,2214.075,2220.0,2208.0,2218.745,45.246117
1675821600000.0,2215.1949999999997,2222.64,2209.74,2214.1499999999996,5.981873
1675818000000.0,2224.995,2236.0,2214.2,2214.2,21.878502
1675814400000.0,2216.7675,2229.12,2203.2,2222.66,28.774806
1675810800000.0,2205.6475,2217.375,2202.25,2217.375,4.740838
1675807200000.0,2200.605,2206.19,2193.97,2205.17,1.642411
1675803600000.0,2201.895,2207.57,2200.0,2201.13,12.529667
1675800000000.0,2193.0,2200.005,2186.0,2200.005,6.625103
1675796400000.0,2174.74,2193.0,2163.48,2193.0,13.865585
1675792800000.0,2184.625,2207.57,2159.88,2174.74,6.490767
1675789200000.0,2187.6475,2207.57,2164.31,2185.525,17.94458
1675785600000.0,2163.74,2189.355,2150.0,2189.355,13.964408
1675782000000.0,2165.96,2169.24,2162.68,2166.91,2.800094
1675778400000.0,2167.7374999999997,2170.39,2165.66,2165.96,0.473788
1675774800000.0,2168.6349999999998,2172.18,2165.66,2167.45,15.136629
1675771200000.0,2173.285,2176.51,2168.35,2168.35,5.280299
1675767600000.0,2173.9025,2175.94,2170.78,2172.795,0.113931
1675764000000.0,2173.1650000000004,2178.44,2169.86,2174.445,4.526056
1675760400000.0,2166.415,2172.1800000000003,2162.15,2172.1800000000003,1.821629
1675756800000.0,2160.3325,2166.085,2158.51,2166.085,1.028239
1675753200000.0,2158.375,2160.33,2157.84,2160.33,1.133827
1675749600000.0,2160.775,2167.42,2157.84,2158.175,3.217613
1675746000000.0,2162.02,2166.08,2158.92,2158.92,8.28566
1675742400000.0,2162.0,2162.0,2161.0,2161.0,0.455949
1675738800000.0,2155.8424999999997,2162.43,2149.47,2162.0,2.033971
1675735200000.0,2151.2425000000003,2155.7349999999997,2148.86,2155.7349999999997,0.46263
1675731600000.0,2149.415,2154.3,2145.02,2151.395,14.506652
1675728000000.0,2141.3700000000003,2149.17,2137.44,2149.17,3.495598
1675724400000.0,2152.135,2173.25,2130.0,2141.51,6.174535
1675720800000.0,2171.2925,2179.98,2152.645,2152.645,2.371537
1675717200000.0,2179.98,2179.98,2173.635,2173.635,0.0
1675713600000.0,2176.575,2179.98,2166.87,2179.98,8.153947
1675710000000.0,2177.1025,2180.65,2173.29,2179.725,1.847699
1675706400000.0,2179.0,2183.0,2175.0,2177.2349999999997,6.952253
1675702800000.0,2181.4625,2183.0,2177.67,2179.0,1.723504
1675699200000.0,2181.3725,2192.0,2171.31,2182.59,14.672996
1675695600000.0,2167.1475,2181.09,2147.85,2181.09,18.557811
1675692000000.0,2156.46,2170.37,2148.37,2170.37,20.4511
1675688400000.0,2159.545,2163.79,2155.99,2158.365,8.536819
1675684800000.0,2156.34,2162.41,2150.27,2159.2,0.006867
1675681200000.0,2152.63,2156.34,2150.0,2156.34,3.885627
1675677600000.0,2157.12,2159.3,2152.605,2152.605,0.011678
1675674000000.0,2157.1975,2159.3,2151.9,2157.12,1.449903
1675670400000.0,2160.225,2162.16,2158.29,2158.795,0.581484
1675666800000.0,2155.08,2162.16,2147.38,2160.225,6.776129
1675663200000.0,2142.4025,2155.39,2135.2,2155.39,1.289048
1675659600000.0,2139.7825000000003,2147.29,2130.0,2141.91,8.619415
1675656000000.0,2147.6949999999997,2152.14,2140.92,2140.92,1.78301
1675652400000.0,2146.8199999999997,2150.74,2142.5,2146.3199999999997,8.684461
1675648800000.0,2153.9625,2161.65,2145.99,2147.02,8.322419
1675645200000.0,2163.6800000000003,2167.25,2154.105,2154.105,5.979361
1675641600000.0,2162.875,2170.0,2155.94,2163.65,3.653032
1675638000000.0,2159.1274999999996,2162.7799999999997,2153.38,2162.7799999999997,1.990008
1675634400000.0,2151.835,2163.05,2140.97,2160.39,5.089163
1675630800000.0,2138.66,2151.66,2133.31,2151.66,9.385626
1675627200000.0,2138.63,2142.78,2136.22,2139.575,6.608842
1675623600000.0,2136.9425,2140.84,2129.6,2137.76,10.348133
1675620000000.0,2139.3,2141.35,2135.86,2138.665,6.84744
1675616400000.0,2154.705,2169.41,2139.995,2139.995,18.357623
1675612800000.0,2169.815,2173.8,2154.705,2154.705,5.703418
1675609200000.0,2177.0325,2183.14,2170.0,2171.605,4.393666
1675605600000.0,2184.925,2189.99,2177.495,2177.495,0.302855
1675602000000.0,2183.9325,2187.33,2175.48,2184.26,5.161699
1675598400000.0,2182.6775000000002,2189.93,2170.0,2186.46,17.472417
1675594800000.0,2190.495,2196.07,2184.65,2185.3900000000003,2.590091
1675591200000.0,2190.88,2196.07,2185.69,2190.63,0.515252
1675587600000.0,2193.645,2201.99,2185.69,2190.88,12.10551
1675584000000.0,2196.245,2202.17,2190.8,2193.45,4.975345
1675580400000.0,2194.3875,2198.29,2190.8,2196.005,5.358884
1675576800000.0,2196.355,2199.46,2193.82,2194.23,4.120001
1675573200000.0,2193.0775000000003,2196.0699999999997,2190.08,2196.0699999999997,1.568328
1675569600000.0,2189.865,2193.5950000000003,2187.02,2193.5950000000003,1.955814
1675566000000.0,2188.315,2192.4,2181.44,2189.865,3.457444
1675562400000.0,2185.9175,2195.27,2178.0,2189.71,1.389477
1675558800000.0,2182.7825,2192.99,2178.0,2185.2,0.848054
1675555200000.0,2184.825,2196.12,2180.0699999999997,2180.0699999999997,0.791383
1675551600000.0,2196.3575,2214.1,2180.52,2181.33,3.529668
1675548000000.0,2210.29,2210.29,2195.4049999999997,2195.4049999999997,0.0
1675544400000.0,2208.67,2210.29,2205.72,2210.29,1.003826
1675540800000.0,2204.135,2209.335,2199.89,2209.335,0.00894
1675537200000.0,2202.56,2205.94,2199.89,2204.135,1.870908
1675533600000.0,2204.9225,2209.94,2197.64,2202.205,6.168523
1675530000000.0,2208.6225000000004,2212.46,2206.0550000000003,2206.0550000000003,4.057669
1675526400000.0,2209.0274999999997,2212.0,2206.72,2207.5550000000003,3.072529
1675522800000.0,2207.7475,2210.0,2205.53,2208.6949999999997,3.938407
1675519200000.0,2206.9975,2208.99,2204.58,2207.73,1.061947
1675515600000.0,2195.96,2210.0,2171.01,2207.21,11.727447
1675512000000.0,2190.455,2201.415,2186.91,2201.415,3.955264
1675508400000.0,2187.7675,2192.68,2184.48,2190.455,4.825045
1675504800000.0,2186.26,2187.0,2184.5,2186.955,10.395397
1675501200000.0,2183.275,2186.77,2180.01,2186.77,2.091552
1675497600000.0,2183.9075,2187.81,2180.0,2183.275,6.962717
1675494000000.0,2185.9675,2188.0,2183.91,2183.91,4.523465
1675490400000.0,2179.46,2185.92,2172.17,2185.92,3.53795
1675486800000.0,2179.495,2182.91,2174.64,2180.82,1.168965
1675483200000.0,2183.6425,2185.37,2180.215,2180.215,0.071074
1675479600000.0,2182.63,2185.26,2180.0,2184.04,0.347927
1675476000000.0,2185.0,2190.0,2180.0,2182.63,0.326253
1675472400000.0,2192.6,2196.99,2185.0,2185.0,0.260945
1675468800000.0,2195.5275,2198.89,2191.705,2191.705,0.703428
1675465200000.0,2198.525,2200.0,2195.23,2195.23,3.965542
1675461600000.0,2192.81,2200.0,2185.62,2198.525,0.924266
1675458000000.0,2178.04,2192.81,2170.0,2192.81,5.060962
1675454400000.0,2176.2,2182.4,2170.0,2177.81,0.72885
1675450800000.0,2183.92,2188.48,2176.2,2176.2,1.61761
1675447200000.0,2191.1949999999997,2199.99,2182.4,2182.4,0.023369
1675443600000.0,2195.7475,2200.0,2191.1949999999997,2191.1949999999997,35.579559
1675440000000.0,2193.745,2200.0,2191.66,2195.825,35.598078
1675436400000.0,2189.415,2200.0,2183.0,2191.66,21.990244
1675432800000.0,2165.27,2188.0,2145.04,2187.33,9.133322
1675429200000.0,2150.9825,2164.02,2140.0,2164.02,2.636908
1675425600000.0,2158.4575,2159.99,2151.52,2151.52,5.389097
1675422000000.0,2155.37,2158.0,2152.15,2158.0,0.287954
1675418400000.0,2151.6325,2155.665,2147.85,2155.665,4.521645
1675414800000.0,2151.3925,2153.55,2150.0,2152.675,4.019058
1675411200000.0,2147.35,2151.01,2144.7,2151.01,8.115616
1675407600000.0,2148.425,2152.15,2144.7,2147.35,0.523787
1675404000000.0,2153.32,2156.3,2148.425,2148.425,13.228715
1675400400000.0,2154.15,2154.3,2153.2250000000004,2153.2250000000004,0.010946
1675396800000.0,2149.1400000000003,2154.15,2144.28,2154.15,0.517343
1675393200000.0,2142.6,2149.1400000000003,2137.86,2149.1400000000003,11.370066
1675389600000.0,2149.7375,2157.62,2142.14,2143.21,18.78824
1675386000000.0,2156.45,2161.17,2149.5950000000003,2149.5950000000003,3.964065
1675382400000.0,2149.2825000000003,2155.42,2140.58,2155.42,2.429697
1675378800000.0,2158.475,2168.49,2148.46,2151.125,6.259977
1675375200000.0,2152.2799999999997,2168.49,2131.74,2158.475,6.410559
1675371600000.0,2164.6525,2190.0,2140.4,2154.4449999999997,18.03476
1675368000000.0,2187.81,2187.81,2164.105,2164.105,0.0
1675364400000.0,2205.135,2222.46,2187.81,2187.81,4.682361
1675360800000.0,2214.115,2238.0,2198.0,2205.135,51.213484
1675357200000.0,2194.165,2210.23,2190.13,2210.23,3.142504
1675353600000.0,2194.0175,2202.81,2190.53,2194.2650000000003,4.951167
1675350000000.0,2181.135,2200.0,2166.17,2191.365,13.480718
1675346400000.0,2177.385,2200.0,2164.52,2179.185,12.983635
1675342800000.0,2182.88,2190.35,2172.51,2172.51,33.986604
1675339200000.0,2182.37,2187.83,2178.64,2181.16,17.004909
1675335600000.0,2178.9425,2182.17,2177.03,2181.505,1.377056
1675332000000.0,2177.6175000000003,2180.0,2173.46,2178.285,5.735089
1675328400000.0,2174.99,2179.98,2170.0,2178.505,6.905972
1675324800000.0,2168.4175,2174.99,2165.34,2174.99,38.221484
1675321200000.0,2168.83,2173.69,2165.34,2167.67,8.114881
1675317600000.0,2173.465,2178.62,2165.67,2168.145,2.870223
1675314000000.0,2177.13,2178.62,2174.785,2174.785,4.439674
1675310400000.0,2178.1800000000003,2181.81,2173.46,2177.13,4.363615
1675306800000.0,2178.24,2182.84,2172.42,2178.725,7.420374
1675303200000.0,2178.2799999999997,2184.7,2167.83,2178.85,24.847991
1675299600000.0,2175.5325,2200.0,2157.43,2180.295,69.755351
1675296000000.0,2150.0,2172.35,2140.0,2172.35,35.08376
1675292400000.0,2142.8525,2150.0,2139.0,2150.0,7.394271
1675288800000.0,2140.265,2150.0,2130.93,2142.2799999999997,38.624458
1675285200000.0,2130.275,2140.065,2124.98,2140.065,22.483882
1675281600000.0,2123.72,2130.275,2120.32,2130.275,6.375788
1675278000000.0,2095.7825000000003,2125.0,2054.0,2124.7799999999997,29.807449
1675274400000.0,2070.8050000000003,2102.065,2062.06,2102.065,3.776765
1675270800000.0,2066.4674999999997,2074.6,2062.06,2070.8050000000003,0.759903
1675267200000.0,2068.365,2074.14,2064.605,2064.605,11.639544
1675263600000.0,2075.5550000000003,2085.03,2064.99,2067.16,5.519881
1675260000000.0,2081.0850000000005,2085.03,2074.28,2076.1000000000004,10.595216
1675256400000.0,2076.5925,2082.5150000000003,2070.02,2082.5150000000003,9.563339
1675252800000.0,2076.685,2078.36,2075.35,2077.675,1.564632
1675249200000.0,2070.8999999999996,2077.68,2064.12,2076.515,2.053428
1675245600000.0,2063.9900000000002,2070.8999999999996,2063.23,2070.8999999999996,0.467407
1675242000000.0,2063.0724999999998,2063.675,2062.06,2063.675,4.708795
1675238400000.0,2067.2875,2072.82,2060.01,2063.365,11.612546
1675234800000.0,2073.1850000000004,2077.03,2065.86,2068.16,13.247393
1675231200000.0,2079.65,2082.27,2074.925,2074.925,1.494582
1675227600000.0,2080.5874999999996,2084.16,2077.96,2079.65,19.983055
1675224000000.0,2080.9624999999996,2084.89,2077.96,2080.115,19.531154
1675220400000.0,2081.6725,2084.56,2077.0,2080.5,10.831308
1675216800000.0,2085.7075,2090.0,2080.74,2082.565,4.200401
1675213200000.0,2082.0150000000003,2090.0,2074.03,2086.045,3.306973
1675209600000.0,2073.765,2084.87,2054.7,2082.0150000000003,18.382516
1675206000000.0,2088.0950000000003,2094.73,2077.745,2077.745,0.411292
1675202400000.0,2078.865,2094.73,2063.0,2088.0950000000003,0.335594
1675198800000.0,2072.75,2084.0,2060.0,2078.865,0.368696
1675195200000.0,2090.6099999999997,2097.22,2073.5,2073.5,0.743874
1675191600000.0,2092.56,2097.22,2087.9,2090.6099999999997,2.989
1675188000000.0,2091.19,2094.48,2087.9,2092.56,3.043302
1675184400000.0,2093.6775000000002,2097.03,2091.19,2091.19,1.169366
1675180800000.0,2094.41,2103.7,2088.16,2093.04,5.746482
1675177200000.0,2090.6674999999996,2097.89,2082.8,2092.89,5.262602
1675173600000.0,2084.9475,2090.99,2080.0,2090.99,26.31117
1675170000000.0,2076.99,2084.9,2071.96,2084.9,4.26411
1675166400000.0,2067.705,2077.0,2063.41,2077.0,1.660854
1675162800000.0,2065.68,2067.95,2063.41,2067.705,1.56574
1675159200000.0,2070.0299999999997,2073.58,2065.68,2065.68,4.990966
1675155600000.0,2068.8424999999997,2072.99,2065.87,2069.295,0.494329
1675152000000.0,2070.01,2077.51,2065.87,2068.255,3.027334
1675148400000.0,2064.91,2070.79,2059.03,2068.33,18.013699
1675144800000.0,2057.4525,2064.91,2053.82,2064.91,8.5526
1675141200000.0,2061.465,2065.0,2057.93,2058.48,4.1307
1675137600000.0,2063.6075,2065.0,2059.99,2061.465,2.587294
1675134000000.0,2063.17,2064.7200000000003,2060.0,2064.7200000000003,1.841309
1675130400000.0,2063.45,2070.0,2060.0,2064.12,2.660121
1675126800000.0,2062.9700000000003,2066.18,2059.52,2061.9,2.36092
1675123200000.0,2063.7275,2070.0,2059.24,2063.09,14.488427
1675119600000.0,2054.745,2062.835,2050.0,2062.835,0.320885
1675116000000.0,2051.025,2054.745,2050.0,2054.745,0.611875
1675112400000.0,2045.225,2052.05,2038.4,2051.025,0.082025
1675108800000.0,2035.5950000000003,2045.2250000000001,2025.94,2045.2250000000001,6.878118
1675105200000.0,2048.61,2070.0,2015.42,2038.71,15.859039
1675101600000.0,2072.92,2075.84,2054.51,2054.51,0.521514
1675098000000.0,2076.5025,2081.17,2072.92,2072.92,0.095647
1675094400000.0,2076.2525,2079.24,2074.5,2075.17,0.716095
1675090800000.0,2080.945,2091.4,2065.0,2075.635,5.217219
1675087200000.0,2079.8050000000003,2090.61,2067.85,2083.69,4.747751
1675083600000.0,2070.07,2080.38,2069.03,2080.38,3.891316
1675080000000.0,2067.6675,2079.1,2051.19,2069.59,12.319999
1675076400000.0,2068.6825,2076.51,2054.52,2070.19,20.92439
1675072800000.0,2076.9625,2087.9,2071.85,2071.85,1.141387
1675069200000.0,2098.38,2121.54,2073.8,2073.8,14.886637
1675065600000.0,2127.175,2132.87,2098.365,2098.365,4.305459
1675062000000.0,2132.265,2135.0,2126.77,2127.175,8.025798
1675058400000.0,2138.5675,2144.82,2131.42,2133.645,3.707539
1675054800000.0,2142.6075,2143.92,2139.0,2139.0150000000003,47.560901
1675051200000.0,2145.1175000000003,2149.12,2143.17,2143.755,8.520987
1675047600000.0,2142.3900000000003,2144.28,2140.0,2144.09,5.490146
1675044000000.0,2142.3900000000003,2144.28,2140.0,2142.6400000000003,0.723601
1675040400000.0,2144.1475,2145.0,2142.31,2142.6400000000003,2.751399
1675036800000.0,2147.6525,2155.61,2140.0,2144.6400000000003,4.293057
1675033200000.0,2154.6475,2164.59,2147.5,2147.5,6.841892
1675029600000.0,2150.3525,2155.41,2146.0,2152.0,0.245661
1675026000000.0,2141.6549999999997,2150.0,2137.31,2150.0,0.04
1675022400000.0,2152.015,2166.72,2137.31,2141.6549999999997,0.810906
1675018800000.0,2152.3824999999997,2172.82,2134.99,2152.015,42.460976
1675015200000.0,2128.2475,2150.8599999999997,2120.0,2150.8599999999997,54.71751
1675011600000.0,2118.1299999999997,2128.995,2112.9,2128.995,1.871333
1675008000000.0,2115.345,2120.0,2109.74,2118.3149999999996,10.502381
1675004400000.0,2113.8050000000003,2118.0,2109.61,2115.8199999999997,8.201295
1675000800000.0,2110.4525,2115.0,2106.66,2113.8050000000003,4.984441
1674997200000.0,2104.8275000000003,2111.09,2086.59,2110.075,11.062443
1674993600000.0,2108.3975,2113.33,2103.02,2110.815,1.425103
1674990000000.0,2108.005,2109.86,2106.15,2108.62,0.003855
1674986400000.0,2108.5475,2117.5,2103.34,2108.005,10.343104
1674982800000.0,2096.225,2106.675,2088.96,2106.675,5.44124
1674979200000.0,2091.1925,2096.4,2087.13,2096.225,1.096817
1674975600000.0,2093.7175,2095.25,2090.62,2090.62,1.278597
1674972000000.0,2096.8275000000003,2098.45,2093.7650000000003,2093.7650000000003,0.432944
1674968400000.0,2096.6800000000003,2098.36,2095.0,2096.8050000000003,4.164848
1674964800000.0,2092.4049999999997,2096.6800000000003,2089.81,2096.6800000000003,2.645616
1674961200000.0,2087.4049999999997,2092.4049999999997,2085.0,2092.4049999999997,7.289049
1674957600000.0,2093.505,2102.01,2085.0,2087.4049999999997,4.865972
1674954000000.0,2095.0775,2118.0,2080.15,2093.505,9.093268
1674950400000.0,2069.495,2091.08,2058.79,2091.08,5.559131
1674946800000.0,2058.1125,2069.52,2053.82,2069.52,0.25047
1674943200000.0,2059.87,2059.87,2059.38,2059.38,0.0
1674939600000.0,2067.085,2074.3,2059.87,2059.87,0.977073
1674936000000.0,2071.42,2074.3,2067.085,2067.085,0.094019
1674932400000.0,2068.54,2071.42,2068.54,2071.42,0.0
1674928800000.0,2068.275,2072.44,2064.08,2068.54,1.990174
1674925200000.0,2069.995,2071.95,2068.04,2068.29,2.014506
1674921600000.0,2072.0725,2072.3,2069.995,2069.995,0.307147
1674918000000.0,2066.46,2072.09,2060.66,2072.02,3.138558
1674914400000.0,2062.7850000000003,2066.545,2060.86,2066.545,4.249126
1674910800000.0,2068.44,2077.83,2055.0,2062.05,3.479144
1674907200000.0,2077.49,2080.0,2070.465,2070.465,8.503148
1674903600000.0,2079.1675,2082.08,2074.14,2078.1,2.124835
1674900000000.0,2081.2125,2086.26,2070.25,2080.225,2.182165
1674896400000.0,2083.12,2086.89,2079.32,2084.17,1.28128
1674892800000.0,2083.0625,2086.89,2080.01,2083.135,1.109034
1674889200000.0,2089.385,2093.75,2082.675,2082.675,6.192326
1674885600000.0,2094.195,2096.85,2089.545,2089.545,3.523569
1674882000000.0,2097.42,2102.1,2094.965,2094.965,5.101745
1674878400000.0,2095.1025,2096.36,2092.1,2095.9399999999996,2.035042
1674874800000.0,2092.085,2096.25,2087.92,2095.975,4.19728
1674871200000.0,2091.0425,2094.17,2087.91,2092.085,1.100306
1674867600000.0,2093.3675000000003,2097.9,2088.88,2091.045,2.363954
1674864000000.0,2091.48,2093.3450000000003,2090.44,2093.3450000000003,2.014287
1674860400000.0,2089.8825,2093.13,2085.82,2091.48,1.60812
1674856800000.0,2092.8999999999996,2095.66,2090.14,2090.29,0.093305
1674853200000.0,2088.825,2095.66,2081.99,2092.8999999999996,0.002473
1674849600000.0,2095.9275,2114.2,2081.99,2088.825,5.793803
1674846000000.0,2101.1425,2106.3,2093.76,2093.76,12.631435
1674842400000.0,2097.6,2100.95,2093.37,2100.95,2.927021
1674838800000.0,2092.0675,2105.81,2077.46,2098.185,15.378326
1674835200000.0,2075.88,2092.5,2062.06,2092.5,6.174774
1674831600000.0,2076.0175,2084.0,2069.61,2078.23,14.362794
1674828000000.0,2067.0475,2079.0,2050.0,2075.23,8.157499
1674824400000.0,2059.9475,2069.5950000000003,2050.0,2069.5950000000003,7.59011
1674820800000.0,2063.3525000000004,2066.18,2060.36,2060.36,1.86975
1674817200000.0,2064.8125,2066.18,2061.04,2063.3500000000004,3.338733
1674813600000.0,2065.1025,2066.29,2064.13,2066.0150000000003,3.871609
1674810000000.0,2069.795,2075.46,2064.13,2064.995,1.204002
1674806400000.0,2074.7125,2075.67,2069.795,2069.795,3.412258
1674802800000.0,2072.21,2075.23,2068.84,2075.23,2.606899
1674799200000.0,2064.995,2072.5,2059.99,2072.5,0.74
1674795600000.0,2055.5699999999997,2064.995,2050.0,2064.995,1.135424
1674792000000.0,2052.8100000000004,2056.145,2048.84,2056.145,5.60278
1674788400000.0,2054.7425000000003,2056.41,2051.37,2053.675,7.821066
1674784800000.0,2048.67,2056.14,2040.36,2055.5950000000003,1.502349
1674781200000.0,2058.3475,2075.91,2041.3,2049.09,5.061856
1674777600000.0,2083.375,2092.95,2058.09,2058.09,1.635422
1674774000000.0,2096.9825,2103.04,2083.205,2083.205,0.693223
1674770400000.0,2098.325,2103.04,2093.61,2097.6549999999997,2.037052
1674766800000.0,2095.1275,2100.0,2086.9,2098.325,0.606987
1674763200000.0,2099.0375,2103.71,2096.22,2096.8050000000003,0.216019
1674759600000.0,2096.22,2098.1099999999997,2096.22,2098.1099999999997,0.0
1674756000000.0,2089.35,2097.0,2082.09,2096.22,0.739997
1674752400000.0,2085.1025,2089.1549999999997,2082.09,2089.1549999999997,9.553757
1674748800000.0,2082.45,2087.91,2070.67,2085.0,9.972889
1674745200000.0,2093.6225,2114.87,2083.31,2085.6099999999997,9.029634
1674741600000.0,2102.4674999999997,2114.0,2088.1549999999997,2088.1549999999997,9.838681
1674738000000.0,2108.565,2110.0,2101.435,2101.435,20.657018
1674734400000.0,2101.635,2110.0,2093.27,2109.935,2.778802
1674730800000.0,2088.145,2101.635,2082.57,2101.635,1.123525
1674727200000.0,2090.535,2100.0,2082.57,2087.92,13.719391
1674723600000.0,2098.605,2101.07,2089.785,2089.785,10.395676
1674720000000.0,2096.0425,2100.0,2090.0,2098.5,10.499359
1674716400000.0,2095.63,2100.5,2090.06,2097.085,0.156734
1674712800000.0,2100.4925,2109.99,2086.19,2095.98,4.134477
1674709200000.0,2102.7525,2109.99,2087.84,2102.895,23.553466
1674705600000.0,2106.86,2110.0,2105.18,2106.59,6.738655
1674702000000.0,2108.4649999999997,2109.97,2106.13,2106.13,2.085
1674698400000.0,2109.705,2114.91,2103.67,2108.5249999999996,12.118804
1674694800000.0,2118.0825,2126.36,2109.34,2110.12,6.007727
1674691200000.0,2116.195,2126.36,2104.19,2118.315,5.90343
1674687600000.0,2087.6,2117.115,2065.17,2117.115,4.284219
1674684000000.0,2093.0325000000003,2133.45,2065.17,2086.52,11.918172
1674680400000.0,2088.0600000000004,2108.34,2067.21,2086.755,3.48162
1674676800000.0,2046.115,2088.3450000000003,2023.88,2088.3450000000003,4.417784
1674673200000.0,2023.88,2046.115,2023.88,2046.115,0.0
1674669600000.0,2023.88,2023.88,2023.88,2023.88,0.0
1674666000000.0,2026.1574999999998,2032.0,2022.81,2023.88,3.127333
1674662400000.0,2022.22,2028.18,2017.38,2024.91,3.222887
1674658800000.0,2012.2125,2021.66,1998.47,2021.66,5.507894
1674655200000.0,2026.5,2040.0,2013.0,2015.19,18.063739
1674651600000.0,2042.7675,2048.16,2026.5,2026.5,21.817827
1674648000000.0,2034.7775000000001,2044.08,2026.06,2041.455,8.600823
1674644400000.0,2025.0800000000002,2034.4850000000001,2022.64,2034.4850000000001,10.17151
1674640800000.0,2022.66,2024.35,2020.0,2024.35,8.300616
1674637200000.0,2027.1575,2032.31,2020.01,2023.3200000000002,6.139294
1674633600000.0,2032.5925,2035.02,2028.155,2028.155,2.08551
1674630000000.0,2032.835,2037.96,2030.67,2032.175,3.989882
1674626400000.0,2028.5725,2033.05,2022.7,2031.355,3.362009
1674622800000.0,2026.4475,2029.27,2023.91,2029.27,2.642317
1674619200000.0,2026.0099999999998,2030.1,2023.91,2026.905,13.953832
1674615600000.0,2020.77,2025.0149999999999,2017.45,2025.0149999999999,1.757918
1674612000000.0,2016.6325,2022.02,2013.53,2020.77,5.68893
1674608400000.0,2020.1025,2037.14,1992.6,2015.49,40.057214
1674604800000.0,2039.1200000000001,2044.67,2025.335,2025.335,17.560963
1674601200000.0,2044.6425,2052.59,2031.31,2040.9050000000002,18.431543
1674597600000.0,2070.245,2090.49,2047.335,2047.335,13.801569
1674594000000.0,2107.7275,2125.77,2070.245,2070.245,2.326521
1674590400000.0,2116.54,2125.77,2088.88,2108.13,3.031
1674586800000.0,2124.3050000000003,2126.76,2122.36,2125.755,0.462288
1674583200000.0,2122.36,2124.05,2122.36,2124.05,0.0
1674579600000.0,2120.6500000000005,2122.36,2117.88,2122.36,0.342593
1674576000000.0,2124.2525,2129.0,2120.0,2121.1800000000003,6.993853
1674572400000.0,2127.005,2130.53,2118.95,2124.005,1.11945
1674568800000.0,2123.6325,2131.97,2110.0,2129.2700000000004,4.082805
1674565200000.0,2129.01,2138.16,2120.0,2126.28,5.356907
1674561600000.0,2136.6775,2140.73,2128.94,2128.94,4.072379
1674558000000.0,2136.1325,2138.01,2134.26,2136.925,3.03766
1674554400000.0,2131.5975,2136.39,2127.87,2136.13,1.012325
1674550800000.0,2135.4674999999997,2146.0,2122.0,2131.065,6.500832
1674547200000.0,2144.51,2146.86,2136.935,2136.935,11.704281
1674543600000.0,2145.3375,2146.86,2143.35,2145.1400000000003,1.653117
1674540000000.0,2147.6175000000003,2148.9,2145.57,2145.57,0.299867
1674536400000.0,2148.0249999999996,2152.15,2143.2,2147.355,24.586673
1674532800000.0,2147.8375,2149.55,2145.7,2148.375,2.243528
1674529200000.0,2147.875,2152.84,2144.28,2148.05,10.107683
1674525600000.0,2146.2200000000003,2149.14,2144.28,2147.1899999999996,1.014296
1674522000000.0,2139.2025000000003,2145.73,2133.88,2145.73,3.796818
1674518400000.0,2134.395,2139.08,2133.88,2139.08,0.014002
1674514800000.0,2137.205,2140.89,2132.13,2134.395,6.779814
1674511200000.0,2140.93,2140.97,2137.8999999999996,2137.8999999999996,0.012984
1674507600000.0,2135.4849999999997,2140.97,2130.0,2140.93,0.310139
1674504000000.0,2127.7799999999997,2135.4849999999997,2125.56,2135.4849999999997,0.093611
1674500400000.0,2136.255,2149.73,2120.0,2127.7799999999997,1.520849
1674496800000.0,2140.9325,2150.0,2132.0,2137.645,0.755226
1674493200000.0,2126.5325000000003,2140.865,2120.01,2140.865,1.236106
1674489600000.0,2126.29,2131.52,2120.0,2127.06,3.235885
1674486000000.0,2109.045,2131.8,2086.43,2126.8199999999997,2.478031
1674482400000.0,2114.9325,2156.87,2086.43,2108.975,15.595913
1674478800000.0,2137.85,2145.7,2108.215,2108.215,7.060123
1674475200000.0,2145.485,2147.05,2137.85,2137.85,1.474661
1674471600000.0,2146.225,2147.85,2142.15,2146.375,1.881793
1674468000000.0,2143.3925,2147.85,2137.87,2147.45,0.201372
1674464400000.0,2138.34,2143.925,2136.41,2143.925,0.298446
1674460800000.0,2140.3925,2145.63,2136.41,2138.205,0.435502
1674457200000.0,2145.0275,2148.97,2139.05,2139.765,1.129616
1674453600000.0,2144.935,2148.97,2140.9,2146.045,0.43174
1674450000000.0,2140.275,2144.935,2139.03,2144.935,1.034215
1674446400000.0,2137.21,2139.965,2132.62,2139.965,0.12613
1674442800000.0,2142.455,2146.75,2138.16,2138.5950000000003,0.271617
1674439200000.0,2147.0925,2148.09,2142.455,2142.455,0.21479
1674435600000.0,2145.7999999999997,2152.14,2142.14,2146.7650000000003,2.410597
1674432000000.0,2142.96,2145.0,2140.0,2144.46,0.744516
1674428400000.0,2139.48,2144.7,2134.26,2143.42,0.378005
1674424800000.0,2125.04,2139.48,2115.82,2139.48,0.004666
1674421200000.0,2115.82,2125.04,2115.82,2125.04,0.0
1674417600000.0,2133.16,2150.5,2115.82,2115.82,0.881645
1674414000000.0,2155.8900000000003,2161.28,2133.16,2133.16,0.686831
1674410400000.0,2167.4,2173.58,2155.8900000000003,2155.8900000000003,1.598543
1674406800000.0,2164.185,2180.0,2151.64,2167.37,3.75778
1674403200000.0,2149.54,2162.55,2140.0,2162.55,0.635265
1674399600000.0,2149.07,2161.98,2126.74,2152.45,4.057153
1674396000000.0,2136.915,2155.08,2119.14,2153.78,16.53408
1674392400000.0,2125.0699999999997,2136.7200000000003,2119.14,2136.7200000000003,2.395854
1674388800000.0,2128.5,2131.0,2125.0,2125.0699999999997,0.756137
1674385200000.0,2124.395,2129.0,2116.58,2129.0,0.097386
1674381600000.0,2108.25,2128.0,2050.0,2127.0,28.05882
1674378000000.0,2130.08,2156.9,2117.71,2127.5,6.000724
1674374400000.0,2128.045,2138.38,2117.71,2122.855,4.78985
1674370800000.0,2138.6725,2139.48,2128.045,2128.045,0.049344
1674367200000.0,2137.3375,2139.48,2134.93,2138.9300000000003,0.12493
1674363600000.0,2132.3875,2138.35,2127.87,2137.4700000000003,0.230131
1674360000000.0,2127.4624999999996,2132.0,2124.99,2131.665,9.422014
1674356400000.0,2115.705,2126.43,2106.42,2126.43,3.48714
1674352800000.0,2116.5975,2130.0,2106.42,2115.705,1.102407
1674349200000.0,2132.115,2140.68,2114.985,2114.985,2.083548
1674345600000.0,2104.385,2147.04,2064.91,2132.115,30.771921
1674342000000.0,2124.6924999999997,2191.14,2064.91,2102.795,57.30887
1674338400000.0,2188.5325,2199.99,2121.3599999999997,2121.3599999999997,2.875869
1674334800000.0,2199.995,2200.0,2188.8999999999996,2188.8999999999996,0.088648
1674331200000.0,2190.0,2200.0,2180.0,2199.995,0.830508
1674327600000.0,2170.0,2190.0,2160.0,2190.0,0.680834
1674324000000.0,2160.0,2170.0,2160.0,2170.0,0.0
1674320400000.0,2164.8424999999997,2171.54,2160.0,2160.0,2.021003
1674316800000.0,2161.665,2169.78,2154.33,2163.915,1.387759
1674313200000.0,2161.6375,2175.11,2154.72,2161.2749999999996,6.425393
1674309600000.0,2160.4049999999997,2164.32,2157.65,2158.3599999999997,0.932066
1674306000000.0,2163.295,2170.0,2157.65,2159.825,3.598901
1674302400000.0,2160.9900000000002,2168.97,2151.36,2162.7650000000003,32.351874
1674298800000.0,2149.6275000000005,2161.815,2136.63,2161.815,12.549706
1674295200000.0,2160.9075000000003,2200.0,2120.0,2152.8050000000003,20.189714
1674291600000.0,2165.8050000000003,2173.77,2156.51,2161.815,2.958157
1674288000000.0,2162.56,2166.4700000000003,2159.17,2166.4700000000003,2.265955
1674284400000.0,2164.3650000000002,2166.48,2162.02,2162.56,2.135167
1674280800000.0,2159.11,2164.48,2153.34,2164.48,14.830474
1674277200000.0,2157.845,2160.045,2157.08,2160.045,1.169699
1674273600000.0,2159.5299999999997,2162.16,2157.1499999999996,2157.1499999999996,3.789012
1674270000000.0,2159.9674999999997,2161.52,2156.64,2159.37,8.186644
1674266400000.0,2164.04,2172.04,2155.69,2160.855,6.077338
1674262800000.0,2170.13,2173.0,2164.215,2164.215,6.875458
1674259200000.0,2174.315,2185.0,2166.0,2169.935,33.612954
1674255600000.0,2161.34,2175.03,2147.85,2173.13,10.0189
1674252000000.0,2144.995,2161.24,2142.14,2161.24,1.00357
1674248400000.0,2146.5,2156.76,2141.4,2144.995,20.871698
1674244800000.0,2121.425,2150.0,2095.0,2143.92,42.550266
1674241200000.0,2091.8599999999997,2120.35,2088.72,2120.35,2.513508
1674237600000.0,2090.305,2094.0,2086.41,2091.8599999999997,1.745
1674234000000.0,2088.8125,2092.09,2084.19,2090.4049999999997,5.36292
1674230400000.0,2068.195,2090.0,2047.95,2089.485,21.155648
1674226800000.0,2050.8450000000003,2067.415,2047.95,2067.415,4.516234
1674223200000.0,2047.4524999999999,2055.0,2040.0,2049.64,15.533688
1674219600000.0,2043.795,2050.0,2040.85,2047.405,11.845836
1674216000000.0,2036.925,2043.27,2031.79,2042.165,7.418222
1674212400000.0,2034.4025,2037.96,2031.78,2036.32,5.777003
1674208800000.0,2035.56,2036.13,2033.9,2033.935,4.55165
1674205200000.0,2034.08,2036.13,2032.03,2036.105,2.987921
1674201600000.0,2036.2124999999999,2044.7,2032.03,2034.08,5.138105
1674198000000.0,2031.0149999999999,2036.09,2025.94,2034.06,35.762843
1674194400000.0,2027.4524999999999,2031.0149999999999,2024.83,2031.0149999999999,9.854911
1674190800000.0,2037.6,2045.68,2027.73,2027.73,1.323451
1674187200000.0,2040.8000000000002,2045.68,2035.92,2037.6,1.066946
1674183600000.0,2038.47,2042.04,2035.92,2040.8000000000002,2.633627
1674180000000.0,2042.5,2050.0,2037.96,2037.96,8.833992
1674176400000.0,2035.7399999999998,2044.99,2025.94,2040.0,2.255326
1674172800000.0,2032.1174999999998,2036.0149999999999,2030.0,2036.0149999999999,1.514576
1674169200000.0,2033.9225000000001,2036.28,2031.56,2031.8,3.593804
1674165600000.0,2040.29,2045.7,2033.925,2033.925,1.461737
1674162000000.0,2042.9,2042.9,2039.5900000000001,2039.5900000000001,0.0
1674158400000.0,2039.3950000000002,2042.9,2035.89,2042.9,1.619322
1674154800000.0,2028.955,2039.395,2022.02,2039.395,2.589
1674151200000.0,2013.235,2028.955,2004.45,2028.955,20.434934
1674147600000.0,2010.8774999999998,2018.0,2004.45,2013.2350000000001,6.479855
1674144000000.0,2017.6325,2022.0,2010.53,2010.53,0.278877
1674140400000.0,2017.525,2034.14,2010.0,2016.2849999999999,10.35541
1674136800000.0,2004.27,2015.95,1994.0,2012.98,5.121637
1674133200000.0,1996.18,2003.565,1990.0,2003.565,4.939156
1674129600000.0,1995.3975,2001.33,1992.0,1996.6950000000002,6.668179
1674126000000.0,1996.665,2001.33,1992.0,1994.13,29.890008
1674122400000.0,2003.8875,2008.92,1996.665,1996.665,2.003827
1674118800000.0,2004.0425,2006.1,2000.0,2002.65,8.672987
1674115200000.0,2007.945,2012.01,2005.0349999999999,2005.0349999999999,5.465802
1674111600000.0,2006.52,2008.0,2005.04,2007.05,0.760024
1674108000000.0,2003.15,2006.52,2001.26,2006.52,0.046503
1674104400000.0,2004.1175,2008.92,2001.26,2003.15,1.2013
1674100800000.0,2003.975,2006.0,2002.0,2003.145,9.245708
1674097200000.0,2000.18,2003.99,1996.93,2003.9499999999998,0.67069
1674093600000.0,1995.5024999999998,2000.0,1991.11,1999.9,4.097607
1674090000000.0,1989.6000000000001,1995.45,1985.21,1995.45,2.137411
1674086400000.0,1982.2,1991.99,1975.8,1989.5900000000001,20.975075
1674082800000.0,1989.0,2004.08,1975.8,1980.505,3.919425
1674079200000.0,2000.8899999999999,2006.62,1988.06,1988.06,4.484657
1674075600000.0,1997.375,2006.62,1988.13,2003.4699999999998,0.012428
1674072000000.0,2006.085,2024.04,1988.13,1997.375,6.934837
1674068400000.0,2022.61,2024.35,2006.085,2006.085,1.500612
1674064800000.0,2022.7224999999999,2030.0,2016.27,2024.195,0.855151
1674061200000.0,2034.12,2082.14,2012.01,2022.31,11.156311
1674057600000.0,2008.6625,2023.82,1965.0,2021.165,28.036143
1674054000000.0,2047.1949999999997,2085.81,2004.48,2022.915,3.38968
1674050400000.0,2077.9575,2088.9,2049.245,2049.245,8.790162
1674046800000.0,2070.8375,2078.21,2062.81,2076.465,6.670628
1674043200000.0,2060.7875,2071.165,2056.9,2071.165,0.542983
1674039600000.0,2054.2375,2061.065,2050.0,2061.065,2.296159
1674036000000.0,2053.7275,2057.94,2050.93,2054.4700000000003,2.092635
1674032400000.0,2058.8275000000003,2065.09,2053.02,2053.02,7.039292
1674028800000.0,2061.58,2068.71,2053.82,2057.5550000000003,8.227421
1674025200000.0,2067.99,2072.19,2061.895,2061.895,5.768726
1674021600000.0,2075.8224999999998,2079.46,2067.99,2067.99,4.175161
1674018000000.0,2076.825,2079.45,2072.19,2075.8199999999997,2.774904
