1679115600000.0,14.914,14.914,14.9055,14.9055,0.0
1679115300000.0,14.95,14.986,14.914,14.914,0.36167
1679115000000.0,14.986,14.986,14.95,14.95,0.0
1679114700000.0,15.001000000000001,15.016,14.986,14.986,0.11414
1679114400000.0,15.0405,15.065,15.001000000000001,15.001000000000001,0.00387
1679114100000.0,15.065,15.065,15.0405,15.0405,0.0
1679113800000.0,15.065,15.065,15.065,15.065,0.0
1679113500000.0,15.014,15.065,14.963,15.065,0.741163
1679113200000.0,14.963,15.014,14.963,15.014,0.0
1679112900000.0,14.963,14.963,14.963,14.963,0.0
1679112600000.0,15.0005,15.038,14.963,14.963,0.09942
1679112300000.0,15.04275,15.048,15.000499999999999,15.000499999999999,0.030683
1679112000000.0,15.036999999999999,15.048,15.026,15.043,0.287322
1679111700000.0,15.026,15.036999999999999,15.026,15.036999999999999,0.0
1679111400000.0,15.026,15.026,15.026,15.026,0.0
1679111100000.0,15.035999999999998,15.05,15.026,15.026,0.098129
1679110800000.0,15.0465,15.051,15.033999999999999,15.033999999999999,25.90506
1679110500000.0,15.0565,15.065,15.0465,15.0465,0.426236
1679110200000.0,15.059,15.059,15.055,15.055,0.0
1679109900000.0,15.061,15.111,15.037,15.059,2.140181
1679109600000.0,15.037,15.048,15.037,15.048,0.0
1679109300000.0,15.028,15.037,15.019,15.037,0.021062
1679109000000.0,15.019,15.028,15.019,15.028,0.0
1679108700000.0,14.9605,15.053,14.885,15.019,0.878947
1679108400000.0,14.885,14.952,14.885,14.952,0.0
1679108100000.0,14.911,14.937,14.885,14.885,2.752915
1679107800000.0,14.937,14.937,14.911,14.911,0.0
1679107500000.0,15.026499999999999,15.116,14.937,14.937,0.973622
1679107200000.0,15.1595,15.203,15.026499999999999,15.026499999999999,0.012858
1679106900000.0,15.203,15.203,15.1595,15.1595,0.0
1679106600000.0,15.122499999999999,15.203,15.042,15.203,322.362519
1679106300000.0,15.065,15.122499999999999,15.042,15.122499999999999,1.342202
1679106000000.0,14.975,15.088,14.862,15.065,3.142057
1679105700000.0,14.862,14.975,14.862,14.975,0.0
1679105400000.0,14.8515,14.862,14.841,14.862,0.037874
1679105100000.0,14.874,14.907,14.841,14.8515,0.009383
1679104800000.0,14.907,14.907,14.873999999999999,14.873999999999999,0.0
1679104500000.0,14.907,14.907,14.907,14.907,0.0
1679104200000.0,14.916999999999998,14.927,14.907,14.907,0.16091
1679103900000.0,14.8995,14.927,14.872,14.917,0.003011
1679103600000.0,14.837,14.8995,14.802,14.8995,0.035167
1679103300000.0,14.838000000000001,14.874,14.802,14.837,0.00478
1679103000000.0,14.9205,14.967,14.838000000000001,14.838000000000001,0.362219
1679102700000.0,14.9625,14.967,14.9205,14.9205,0.362782
1679102400000.0,14.958,14.9625,14.958,14.9625,0.0
1679102100000.0,14.958,14.958,14.958,14.958,0.0
1679101800000.0,14.98025,15.01,14.958,14.958,0.422762
1679101500000.0,14.96,14.995,14.925,14.9765,2.980096
1679101200000.0,14.889000000000001,14.96,14.853,14.96,2.794147
1679100900000.0,14.842500000000001,14.889,14.832,14.889,3.462874
1679100600000.0,14.78925,14.842500000000001,14.744,14.842500000000001,0.616081
1679100300000.0,14.742,14.788,14.74,14.788,0.045376
1679100000000.0,14.708,14.742,14.676,14.742,64.581034
1679099700000.0,14.65325,14.708,14.626,14.708,0.022397
1679099400000.0,14.626,14.651,14.626,14.651,0.0
1679099100000.0,14.597,14.626,14.568,14.626,2.425475
1679098800000.0,14.568,14.597,14.568,14.597,0.0
1679098500000.0,14.660499999999999,14.753,14.568,14.568,2.921641
1679098200000.0,14.7335,14.753,14.660499999999999,14.660499999999999,0.098705
1679097900000.0,14.738,14.762,14.714,14.7335,0.051146
1679097600000.0,14.8045,14.847,14.738,14.738,0.169354
1679097300000.0,14.847,14.847,14.8045,14.8045,0.0
1679097000000.0,14.847,14.847,14.847,14.847,0.0
1679096700000.0,14.82725,14.85,14.806,14.847,2.004443
1679096400000.0,14.806,14.8265,14.806,14.8265,0.0
1679096100000.0,14.817,14.828,14.806,14.806,7.0
1679095800000.0,14.77,14.828,14.712,14.817,1.577534
1679095500000.0,14.741500000000002,14.771,14.712,14.77,0.263169
1679095200000.0,14.771,14.771,14.7415,14.7415,0.0
1679094900000.0,14.771,14.771,14.771,14.771,0.0
1679094600000.0,14.747499999999999,14.777,14.721,14.771,0.103558
1679094300000.0,14.7125,14.746,14.704,14.746,0.125488
1679094000000.0,14.704,14.7125,14.704,14.7125,0.0
1679093700000.0,14.704,14.704,14.704,14.704,0.0
1679093400000.0,14.704,14.704,14.704,14.704,0.0
1679093100000.0,14.66525,14.719,14.619,14.704,3.142175
1679092800000.0,14.564,14.6615,14.509,14.6615,2.226727
1679092500000.0,14.5195,14.564,14.509,14.564,0.002891
1679092200000.0,14.53,14.53,14.5195,14.5195,0.0
1679091900000.0,14.524499999999998,14.535,14.498,14.53,18.355882
1679091600000.0,14.535,14.535,14.532499999999999,14.532499999999999,0.0
1679091300000.0,14.535,14.535,14.535,14.535,0.0
1679091000000.0,14.535,14.535,14.535,14.535,0.0
1679090700000.0,14.51175,14.552,14.48,14.535,0.036756
1679090400000.0,14.509250000000002,14.557,14.48,14.5075,0.197072
1679090100000.0,14.52,14.52,14.5,14.5,0.0
1679089800000.0,14.5035,14.52,14.487,14.52,24.673497
1679089500000.0,14.487,14.503499999999999,14.487,14.503499999999999,0.0
1679089200000.0,14.4835,14.487,14.48,14.487,2.340405
1679088900000.0,14.48,14.4835,14.48,14.4835,0.0
1679088600000.0,14.48,14.48,14.48,14.48,0.0
1679088300000.0,14.322,14.48,14.164,14.48,0.537768
1679088000000.0,14.164,14.322,14.164,14.322,0.0
1679087700000.0,14.164,14.164,14.164,14.164,0.0
1679087400000.0,14.2035,14.243,14.164,14.164,0.096219
1679087100000.0,14.284,14.325,14.2035,14.2035,0.003065
1679086800000.0,14.325,14.325,14.283999999999999,14.283999999999999,0.0
1679086500000.0,14.325,14.325,14.325,14.325,0.0
1679086200000.0,14.299999999999999,14.325,14.275,14.325,0.013165
1679085900000.0,14.275,14.3,14.275,14.3,0.0
1679085600000.0,14.3315,14.388,14.275,14.275,0.063363
1679085300000.0,14.388,14.388,14.3315,14.3315,0.0
1679085000000.0,14.369,14.388,14.35,14.388,55.047047
1679084700000.0,14.391,14.432,14.35,14.369,0.185837
1679084400000.0,14.432,14.432,14.391,14.391,0.0
1679084100000.0,14.432,14.432,14.432,14.432,0.132096
1679083800000.0,14.406,14.432,14.38,14.432,169.78628
1679083500000.0,14.373000000000001,14.406,14.366,14.406,0.004592
1679083200000.0,14.3505,14.373000000000001,14.335,14.373000000000001,14.075536
1679082900000.0,14.335,14.3505,14.335,14.3505,0.0
1679082600000.0,14.335,14.335,14.335,14.335,0.0
1679082300000.0,14.33925,14.344,14.335,14.335,0.038832
1679082000000.0,14.326,14.343,14.309,14.339,0.009796
1679081700000.0,14.3225,14.336,14.309,14.326,1.234997
1679081400000.0,14.336,14.336,14.3225,14.3225,0.0
1679081100000.0,14.34,14.344,14.336,14.336,0.407743
1679080800000.0,14.344,14.344,14.34,14.34,0.0
1679080500000.0,14.344,14.344,14.344,14.344,0.0
1679080200000.0,14.344,14.344,14.344,14.344,0.0
1679079900000.0,14.3195,14.344,14.295,14.344,0.019589
1679079600000.0,14.298,14.3195,14.295,14.3195,0.002018
1679079300000.0,14.301,14.301,14.298,14.298,0.0
1679079000000.0,14.276,14.301,14.251,14.301,37.696027
1679078700000.0,14.235,14.276,14.216,14.276,0.037305
1679078400000.0,14.216,14.2335,14.216,14.2335,0.0
1679078100000.0,14.210999999999999,14.216,14.206,14.216,0.006788
1679077800000.0,14.206,14.210999999999999,14.206,14.210999999999999,0.0
1679077500000.0,14.206500000000002,14.207,14.206,14.206,0.113077
1679077200000.0,14.207,14.207,14.2065,14.2065,0.0
1679076900000.0,14.199000000000002,14.207,14.191,14.207,0.059127
1679076600000.0,14.191,14.199000000000002,14.191,14.199000000000002,0.0
1679076300000.0,14.2065,14.222,14.191,14.191,0.008284
1679076000000.0,14.222,14.222,14.2065,14.2065,0.0
1679075700000.0,14.222,14.222,14.222,14.222,0.0
1679075400000.0,14.222,14.222,14.222,14.222,0.0
1679075100000.0,14.222,14.222,14.222,14.222,0.0
1679074800000.0,14.219,14.222,14.216,14.222,0.023832
1679074500000.0,14.2165,14.219,14.216,14.219,0.029073
1679074200000.0,14.2065,14.217,14.196,14.2165,0.013323
1679073900000.0,14.2345,14.273,14.196,14.2065,0.30175
1679073600000.0,14.273,14.273,14.2345,14.2345,0.0
1679073300000.0,14.273,14.273,14.273,14.273,0.0
1679073000000.0,14.245000000000001,14.273,14.217,14.273,3.2978
1679072700000.0,14.2225,14.245000000000001,14.217,14.245000000000001,0.026941
1679072400000.0,14.144,14.228,14.06,14.2225,2.851767
1679072100000.0,14.06,14.144,14.06,14.144,0.0
1679071800000.0,14.06,14.06,14.06,14.06,0.0
1679071500000.0,14.06,14.06,14.06,14.06,0.0
1679071200000.0,14.1045,14.149,14.06,14.06,0.208189
1679070900000.0,14.149,14.149,14.1045,14.1045,0.0
1679070600000.0,14.12,14.149,14.091,14.149,0.022769
1679070300000.0,14.085999999999999,14.12,14.081,14.12,0.173452
1679070000000.0,14.081,14.085999999999999,14.081,14.085999999999999,0.0
1679069700000.0,14.081,14.081,14.081,14.081,0.0
1679069400000.0,14.081,14.081,14.081,14.081,0.0
1679069100000.0,14.059999999999999,14.081,14.039,14.081,0.077394
1679068800000.0,14.0075,14.059999999999999,13.976,14.059999999999999,0.175946
1679068500000.0,13.976,14.0075,13.976,14.0075,0.0
1679068200000.0,13.976,13.976,13.976,13.976,0.0
1679067900000.0,13.989,14.002,13.976,13.976,0.053767
1679067600000.0,13.973,14.002,13.944,13.989,0.066252
1679067300000.0,13.944,13.973,13.944,13.973,0.0
1679067000000.0,14.003,14.062,13.944,13.944,0.246849
1679066700000.0,14.062,14.062,14.003,14.003,0.0
1679066400000.0,14.062,14.062,14.062,14.062,0.0
1679066100000.0,14.03,14.062,13.998,14.062,3.40709
1679065800000.0,13.988,14.03,13.97,14.03,0.059584
1679065500000.0,13.9575,13.992,13.929,13.992,0.008953
1679065200000.0,13.905999999999999,13.9575,13.883,13.9575,0.171567
1679064900000.0,13.883,13.905999999999999,13.883,13.905999999999999,0.0
1679064600000.0,13.8525,13.883,13.822,13.883,0.03712
1679064300000.0,13.822,13.8525,13.822,13.8525,0.0
1679064000000.0,13.8885,13.955,13.822,13.822,3.659954
1679063700000.0,13.992,14.029,13.8885,13.8885,2.767706
1679063400000.0,14.029,14.029,13.992,13.992,0.0
1679063100000.0,14.094000000000001,14.159,14.029,14.029,4.149341
1679062800000.0,14.1655,14.172,14.094000000000001,14.094000000000001,1.657218
1679062500000.0,14.189499999999999,14.207,14.165500000000002,14.165500000000002,0.948536
1679062200000.0,14.2395,14.272,14.1895,14.1895,0.002827
1679061900000.0,14.2875,14.326,14.2395,14.2395,0.05984
1679061600000.0,14.2615,14.28,14.243,14.276,0.024171
1679061300000.0,14.2405,14.2615,14.238,14.2615,0.203587
1679061000000.0,14.238,14.2405,14.238,14.2405,0.0
1679060700000.0,14.305,14.372,14.238,14.238,6.002106
1679060400000.0,14.350999999999999,14.372,14.305,14.305,0.023294
1679060100000.0,14.33,14.350999999999999,14.33,14.350999999999999,0.0
1679059800000.0,14.3415,14.353,14.33,14.33,0.007245
1679059500000.0,14.3705,14.388,14.3415,14.3415,0.546798
1679059200000.0,14.388,14.388,14.3705,14.3705,0.0
1679058900000.0,14.388,14.388,14.388,14.388,0.0
1679058600000.0,14.3765,14.388,14.364,14.388,13.680874
1679058300000.0,14.370000000000001,14.376999999999999,14.366,14.376999999999999,0.006171
1679058000000.0,14.374,14.374,14.370000000000001,14.370000000000001,0.0
1679057700000.0,14.374,14.374,14.374,14.374,0.0
1679057400000.0,14.374,14.374,14.374,14.374,0.0
1679057100000.0,14.375,14.376,14.374,14.374,0.003457
1679056800000.0,14.384749999999999,14.399,14.375,14.375,0.078588
1679056500000.0,14.388,14.388,14.382,14.382,0.007918
1679056200000.0,14.3855,14.388,14.383,14.388,0.002795
1679055900000.0,14.407499999999999,14.432,14.383,14.3855,0.781462
1679055600000.0,14.432,14.432,14.407499999999999,14.407499999999999,0.0
1679055300000.0,14.475000000000001,14.518,14.432,14.432,2.965559
1679055000000.0,14.509,14.518,14.475000000000001,14.475000000000001,0.023558
1679054700000.0,14.543,14.586,14.5,14.509,0.007797
1679054400000.0,14.586,14.586,14.543,14.543,0.0
1679054100000.0,14.586,14.586,14.586,14.586,0.0
1679053800000.0,14.611749999999999,14.655,14.586,14.586,22.262037
1679053500000.0,14.62,14.62,14.603,14.603,0.0
1679053200000.0,14.603,14.62,14.586,14.62,0.386398
1679052900000.0,14.575,14.603,14.564,14.603,0.002567
1679052600000.0,14.558,14.575,14.552,14.575,0.607584
1679052300000.0,14.552,14.558,14.552,14.558,0.0
1679052000000.0,14.552,14.552,14.552,14.552,0.0
1679051700000.0,14.585999999999999,14.62,14.552,14.552,0.1852
1679051400000.0,14.62,14.62,14.585999999999999,14.585999999999999,0.0
1679051100000.0,14.581,14.62,14.542,14.62,0.042004
1679050800000.0,14.581,14.62,14.542,14.581,3.976098
1679050500000.0,14.616499999999998,14.62,14.581,14.581,0.379403
1679050200000.0,14.613,14.616499999999998,14.613,14.616499999999998,0.0
1679049900000.0,14.616499999999998,14.62,14.613,14.613,5.300844
1679049600000.0,14.603,14.62,14.586,14.616499999999998,0.020523
1679049300000.0,14.586,14.603,14.586,14.603,0.0
1679049000000.0,14.586,14.586,14.586,14.586,0.0
1679048700000.0,14.5485,14.586,14.511,14.586,0.874295
1679048400000.0,14.553,14.595,14.511,14.5485,0.006874
1679048100000.0,14.595,14.595,14.553,14.553,0.0
1679047800000.0,14.595,14.595,14.595,14.595,0.0
1679047500000.0,14.54825,14.608,14.495,14.595,0.086609
1679047200000.0,14.474499999999999,14.545,14.454,14.545,0.756974
1679046900000.0,14.454,14.474499999999999,14.454,14.474499999999999,0.0
1679046600000.0,14.454,14.454,14.454,14.454,0.0
1679046300000.0,14.4525,14.462,14.432,14.454,0.054311
1679046000000.0,14.462,14.462,14.458,14.458,0.0
1679045700000.0,14.474,14.486,14.462,14.462,0.009557
1679045400000.0,14.4865,14.487,14.474,14.474,0.80593
1679045100000.0,14.487,14.487,14.4865,14.4865,0.0
1679044800000.0,14.487,14.487,14.487,14.487,0.0
1679044500000.0,14.487,14.487,14.487,14.487,0.074395
1679044200000.0,14.487,14.487,14.487,14.487,0.0
1679043900000.0,14.4835,14.487,14.48,14.487,0.497658
1679043600000.0,14.48,14.4835,14.48,14.4835,0.0
1679043300000.0,14.48,14.48,14.48,14.48,0.0
1679043000000.0,14.48,14.48,14.48,14.48,0.0
1679042700000.0,14.48,14.48,14.48,14.48,0.169522
1679042400000.0,14.48,14.48,14.48,14.48,0.03506
1679042100000.0,14.48,14.48,14.48,14.48,0.0
1679041800000.0,14.322,14.48,14.164,14.48,1.715475
1679041500000.0,14.164,14.322,14.164,14.322,0.0
1679041200000.0,14.164,14.164,14.164,14.164,0.0
1679040900000.0,14.164,14.164,14.164,14.164,0.0
1679040600000.0,14.41675,14.721,14.164,14.164,12.166109
1679040300000.0,14.543,14.618,14.391,14.391,0.006674
1679040000000.0,14.468,14.543,14.468,14.543,0.0
1679039700000.0,14.468,14.468,14.468,14.468,0.0
1679039400000.0,14.485500000000002,14.503,14.468,14.468,37.936
1679039100000.0,14.612,14.721,14.4855,14.4855,0.142605
1679038800000.0,14.5905,14.721,14.46,14.612,0.007706
1679038500000.0,14.46,14.5905,14.46,14.5905,0.0
1679038200000.0,14.5875,14.839,14.46,14.46,9.119749
1679037900000.0,14.591,14.591,14.525500000000001,14.525500000000001,0.0
1679037600000.0,14.683250000000001,14.951,14.496,14.591,14.115367
1679037300000.0,14.695,14.695,14.643,14.643,0.218566
1679037000000.0,14.596,14.695,14.497,14.695,0.045866
1679036700000.0,14.497,14.596,14.497,14.596,0.0
1679036400000.0,14.497,14.497,14.497,14.497,0.0
1679036100000.0,14.648,14.925,14.245,14.497,17.980002
1679035800000.0,14.9195,14.925,14.711,14.711,3.310216
1679035500000.0,14.83325,14.9195,14.591,14.9195,0.045975
1679035200000.0,14.914,14.914,14.914,14.914,0.0
1679034900000.0,14.783,14.914,14.652,14.914,0.021968
1679034600000.0,14.652,14.783,14.652,14.783,0.0
1679034300000.0,14.652,14.652,14.652,14.652,0.466339
1679034000000.0,14.6215,14.652,14.591,14.652,0.917861
1679033700000.0,14.591,14.6215,14.591,14.6215,0.0
1679033400000.0,14.591,14.591,14.591,14.591,0.0
1679033100000.0,14.65825,14.762,14.591,14.591,75.415408
1679032800000.0,14.7035,14.718,14.64,14.64,0.183958
1679032500000.0,14.718,14.718,14.7035,14.7035,0.0
1679032200000.0,14.676499999999999,14.718,14.635,14.718,66.596809
1679031900000.0,14.645999999999999,14.6765,14.635,14.6765,0.380466
1679031600000.0,14.656999999999998,14.665,14.641,14.646,0.482988
1679031300000.0,14.751,14.837,14.661,14.661,1.996637
1679031000000.0,14.875499999999999,14.914,14.751,14.751,1.188157
1679030700000.0,14.89175,14.914,14.868,14.875499999999999,20.198691
1679030400000.0,14.83,14.8925,14.789,14.8925,7.693041
1679030100000.0,14.71275,14.83,14.578,14.83,1.914984
1679029800000.0,14.653000000000002,14.742,14.611,14.742,1.957912
1679029500000.0,14.552000000000001,14.653,14.493,14.653,0.050997
1679029200000.0,14.528500000000001,14.564,14.493,14.552,0.003183
1679028900000.0,14.564,14.564,14.528500000000001,14.528500000000001,0.0
1679028600000.0,14.564,14.564,14.564,14.564,0.0
1679028300000.0,14.5475,14.586,14.52,14.564,28.041779
1679028000000.0,14.53375,14.564,14.487,14.542,0.83514
1679027700000.0,14.54775,14.57,14.487,14.542,12.069161
1679027400000.0,14.604,14.638,14.567,14.567,0.045686
1679027100000.0,14.63125,14.647,14.604,14.604,2.594637
1679026800000.0,14.591999999999999,14.629,14.564,14.629,2.686654
1679026500000.0,14.564,14.591999999999999,14.564,14.591999999999999,0.0
1679026200000.0,14.5555,14.608,14.525,14.564,101.196543
1679025900000.0,14.506,14.5445,14.487,14.5445,29.580323
1679025600000.0,14.4265,14.506,14.366,14.506,5.616951
1679025300000.0,14.319499999999998,14.4265,14.273,14.4265,7.655787
1679025000000.0,14.2165,14.3195,14.16,14.3195,3.866765
1679024700000.0,14.144,14.2165,14.127,14.2165,0.831374
1679024400000.0,14.129,14.1445,14.129,14.1445,0.0
1679024100000.0,14.141,14.153,14.129,14.129,0.067753
1679023800000.0,14.1325,14.153,14.112,14.141,0.038595
1679023500000.0,14.112,14.1325,14.112,14.1325,0.317835
1679023200000.0,14.112,14.112,14.112,14.112,0.0
1679022900000.0,14.112,14.112,14.112,14.112,0.0
1679022600000.0,14.112,14.112,14.112,14.112,0.0
1679022300000.0,14.1035,14.124,14.089,14.112,0.091067
1679022000000.0,14.0395,14.1005,13.99,14.1005,0.004255
1679021700000.0,13.99,14.0395,13.99,14.0395,0.0
1679021400000.0,13.99,13.99,13.99,13.99,0.0
1679021100000.0,14.0225,14.055,13.99,13.99,0.35897
1679020800000.0,14.1235,14.192,14.0225,14.0225,12.176837
1679020500000.0,14.15125,14.192,14.089,14.1235,3.188321
1679020200000.0,14.132,14.161999999999999,14.132,14.161999999999999,0.0
1679019900000.0,14.132,14.132,14.132,14.132,0.0
1679019600000.0,14.132,14.132,14.132,14.132,0.0
1679019300000.0,14.094,14.132,14.056,14.132,1.489112
1679019000000.0,14.042,14.094,14.028,14.094,2.569962
1679018700000.0,13.972000000000001,14.042,13.916,14.042,0.018915
1679018400000.0,13.9485,13.981,13.916,13.972000000000001,0.010276
1679018100000.0,13.981,13.981,13.9485,13.9485,0.0
1679017800000.0,13.981,13.981,13.981,13.981,0.0
1679017500000.0,13.981,13.981,13.981,13.981,0.0
1679017200000.0,13.9345,13.981,13.888,13.981,3.196171
1679016900000.0,13.8315,13.9345,13.775,13.9345,4.859906
1679016600000.0,13.736,13.8315,13.697,13.8315,0.754805
1679016300000.0,13.64875,13.736,13.588,13.736,4.314595
1679016000000.0,13.512,13.642499999999998,13.436,13.642499999999998,0.002109
1679015700000.0,13.436,13.512,13.436,13.512,0.0
1679015400000.0,13.453,13.47,13.436,13.436,0.048088
1679015100000.0,13.443000000000001,13.47,13.416,13.453,0.07417
1679014800000.0,13.416,13.443000000000001,13.416,13.443000000000001,0.0
1679014500000.0,13.416,13.416,13.416,13.416,0.0
1679014200000.0,13.448,13.48,13.416,13.416,3.500944
1679013900000.0,13.48,13.48,13.448,13.448,0.01402
1679013600000.0,13.48,13.498,13.462,13.48,1.70735
1679013300000.0,13.528000000000002,13.576,13.48,13.48,0.474558
1679013000000.0,13.628,13.68,13.528,13.528,0.115841
1679012700000.0,13.629999999999999,13.68,13.58,13.628,71.648847
1679012400000.0,13.58,13.629999999999999,13.58,13.629999999999999,0.0
1679012100000.0,13.58,13.58,13.58,13.58,0.0
1679011800000.0,13.58,13.58,13.58,13.58,0.0
1679011500000.0,13.59,13.6,13.58,13.58,0.150705
1679011200000.0,13.61575,13.64,13.59,13.59,8.115151
1679010900000.0,13.631,13.631,13.6155,13.6155,0.0
1679010600000.0,13.6455,13.66,13.631,13.631,0.037176
1679010300000.0,13.644499999999999,13.66,13.629,13.6455,4.301735
1679010000000.0,13.633999999999999,13.6445,13.629,13.6445,0.00764
1679009700000.0,13.6375,13.639,13.634,13.634,0.005328
1679009400000.0,13.636,13.6375,13.636,13.6375,0.0
1679009100000.0,13.651999999999997,13.668,13.636,13.636,0.178688
1679008800000.0,13.668,13.668,13.652,13.652,0.0
1679008500000.0,13.668,13.668,13.668,13.668,0.0
1679008200000.0,13.668,13.668,13.668,13.668,0.0
1679007900000.0,13.623999999999999,13.668,13.58,13.668,0.00785
1679007600000.0,13.58,13.623999999999999,13.58,13.623999999999999,0.0
1679007300000.0,13.6345,13.689,13.58,13.58,24.684374
1679007000000.0,13.689,13.689,13.6345,13.6345,0.0
1679006700000.0,13.689,13.689,13.689,13.689,0.0
1679006400000.0,13.696,13.703,13.689,13.689,0.078268
1679006100000.0,13.707999999999998,13.713,13.696,13.696,0.174333
1679005800000.0,13.713,13.713,13.707999999999998,13.707999999999998,0.0
1679005500000.0,13.713,13.713,13.713,13.713,0.0
1679005200000.0,13.713,13.713,13.713,13.713,2.979466
1679004900000.0,13.713,13.713,13.713,13.713,0.0
1679004600000.0,13.6975,13.713,13.682,13.713,0.039973
1679004300000.0,13.671,13.6975,13.66,13.6975,0.005463
1679004000000.0,13.6225,13.671,13.585,13.671,0.00311
1679003700000.0,13.585,13.6225,13.585,13.6225,0.0
1679003400000.0,13.585,13.585,13.585,13.585,0.0
1679003100000.0,13.585,13.585,13.585,13.585,0.0
1679002800000.0,13.629999999999999,13.775,13.58,13.585,1.846827
1679002500000.0,13.58,13.5825,13.58,13.5825,0.0
1679002200000.0,13.6775,13.775,13.58,13.58,0.315626
1679001900000.0,13.775,13.775,13.6775,13.6775,0.0
1679001600000.0,13.6775,13.775,13.58,13.775,0.289656
1679001300000.0,13.58,13.6775,13.58,13.6775,0.0
1679001000000.0,13.58,13.58,13.58,13.58,0.0
1679000700000.0,13.5565,13.6,13.523,13.58,32.395055
1679000400000.0,13.533249999999999,13.5515,13.52,13.5515,14.498822
1679000100000.0,13.5885,13.632,13.533999999999999,13.533999999999999,2.851483
1678999800000.0,13.636,13.64,13.5885,13.5885,0.07782
1678999500000.0,13.6765,13.713,13.636,13.636,36.810817
1678999200000.0,13.713,13.713,13.6765,13.6765,0.0
1678998900000.0,13.733,13.753,13.713,13.713,15.558037
1678998600000.0,13.7695,13.797,13.733,13.733,13.035465
1678998300000.0,13.7355,13.775,13.696,13.764,4.668404
1678998000000.0,13.696,13.7355,13.696,13.7355,0.0
1678997700000.0,13.696,13.696,13.696,13.696,0.0
1678997400000.0,13.696,13.696,13.696,13.696,0.0
1678997100000.0,13.715,13.755,13.696,13.696,71.342799
1678996800000.0,13.681,13.713,13.649,13.7045,0.004001
1678996500000.0,13.649,13.681,13.649,13.681,0.0
1678996200000.0,13.649,13.649,13.649,13.649,0.036632
1678995900000.0,13.6345,13.649,13.62,13.649,1.824348
1678995600000.0,13.603,13.6345,13.586,13.6345,0.35119
1678995300000.0,13.586,13.603,13.586,13.603,0.0
1678995000000.0,13.617,13.648,13.586,13.586,0.370139
1678994700000.0,13.648,13.648,13.617,13.617,0.0
1678994400000.0,13.609,13.648,13.57,13.648,3.448993
1678994100000.0,13.541999999999998,13.609,13.514,13.609,2.894435
1678993800000.0,13.514,13.542,13.514,13.542,0.0
1678993500000.0,13.514,13.514,13.514,13.514,0.0
1678993200000.0,13.468499999999999,13.514,13.423,13.514,0.002018
1678992900000.0,13.423,13.468499999999999,13.423,13.468499999999999,0.0
1678992600000.0,13.423,13.423,13.423,13.423,0.0
1678992300000.0,13.414,13.423,13.405,13.423,0.087682
1678992000000.0,13.442499999999999,13.48,13.405,13.414,0.015507
1678991700000.0,13.48,13.48,13.442499999999999,13.442499999999999,0.0
1678991400000.0,13.48,13.48,13.48,13.48,0.012627
1678991100000.0,13.4415,13.48,13.403,13.48,0.510069
1678990800000.0,13.403,13.441500000000001,13.403,13.441500000000001,0.0
1678990500000.0,13.403,13.403,13.403,13.403,0.0
1678990200000.0,13.38875,13.42,13.366,13.403,0.020476
1678989900000.0,13.358,13.3845,13.35,13.3845,0.1536
1678989600000.0,13.3795,13.409,13.35,13.358,0.025274
1678989300000.0,13.3645,13.409,13.32,13.3795,0.1266
1678989000000.0,13.32,13.3645,13.32,13.3645,0.0
1678988700000.0,13.32,13.32,13.32,13.32,0.0
1678988400000.0,13.339500000000001,13.359,13.32,13.32,0.031985
1678988100000.0,13.359,13.359,13.339500000000001,13.339500000000001,0.0
1678987800000.0,13.37575,13.4,13.344,13.359,3.684858
1678987500000.0,13.4,13.4,13.3795,13.3795,0.0
1678987200000.0,13.4,13.4,13.4,13.4,0.0
1678986900000.0,13.4,13.4,13.4,13.4,0.020895
1678986600000.0,13.4665,13.533,13.4,13.4,3.754849
1678986300000.0,13.5415,13.562,13.4665,13.4665,0.817568
1678986000000.0,13.562,13.562,13.5475,13.5475,0.0
1678985700000.0,13.562,13.562,13.562,13.562,0.0
1678985400000.0,13.5485,13.562,13.535,13.562,0.076104
1678985100000.0,13.535,13.5485,13.535,13.5485,0.0
1678984800000.0,13.535,13.535,13.535,13.535,0.0
1678984500000.0,13.5455,13.556,13.535,13.535,0.125004
1678984200000.0,13.579500000000001,13.614,13.534,13.5455,3.208681
1678983900000.0,13.598500000000001,13.64,13.56,13.585,1.792969
1678983600000.0,13.58,13.597000000000001,13.58,13.597000000000001,0.0
1678983300000.0,13.6195,13.659,13.58,13.58,2.472098
1678983000000.0,13.6435,13.659,13.6195,13.6195,0.00549
1678982700000.0,13.7325,13.837,13.628,13.6435,0.595204
1678982400000.0,13.790500000000002,13.85,13.7,13.7325,4.769308
1678982100000.0,13.719000000000001,13.806000000000001,13.663,13.806000000000001,2.851483
1678981800000.0,13.663,13.719000000000001,13.663,13.719000000000001,0.0
1678981500000.0,13.663,13.663,13.663,13.663,0.0
1678981200000.0,13.5315,13.663,13.4,13.663,6.398136
1678980900000.0,13.423,13.531500000000001,13.4,13.531500000000001,0.023562
1678980600000.0,13.446,13.446,13.423,13.423,0.0
1678980300000.0,13.328,13.446,13.21,13.446,3.500728
1678980000000.0,13.21,13.328,13.21,13.328,0.0
1678979700000.0,13.252500000000001,13.295,13.21,13.21,3.500728
1678979400000.0,13.365,13.435,13.252500000000001,13.252500000000001,6.784667
1678979100000.0,13.435,13.435,13.365,13.365,0.0
1678978800000.0,13.628499999999999,13.822,13.435,13.435,11.455397
1678978500000.0,13.9085,13.995,13.628499999999999,13.628499999999999,3.636192
1678978200000.0,14.0285,14.062,13.9085,13.9085,0.285817
1678977900000.0,14.062,14.062,14.0285,14.0285,0.0
1678977600000.0,13.8035,14.062,13.545,14.062,14.556432
1678977300000.0,13.6785,13.812,13.545,13.8035,8.864242
1678977000000.0,13.524,13.853,13.184,13.6785,31.054937
1678976700000.0,12.956499999999998,13.529499999999999,12.666,13.529499999999999,16.467533
1678976400000.0,12.678999999999998,12.9565,12.666,12.9565,0.004608
1678976100000.0,12.692,12.692,12.679,12.679,0.0
1678975800000.0,12.754000000000001,12.816,12.692,12.692,0.011277
1678975500000.0,12.816,12.816,12.754000000000001,12.754000000000001,0.0
1678975200000.0,12.812000000000001,12.816,12.808,12.816,0.02729
1678974900000.0,12.7595,12.812000000000001,12.711,12.812000000000001,0.419793
1678974600000.0,12.711,12.7595,12.711,12.7595,0.0
1678974300000.0,12.73975,12.797,12.711,12.711,3.128766
1678974000000.0,12.701999999999998,12.742,12.663,12.7255,0.058086
1678973700000.0,12.6225,12.7015,12.582,12.7015,0.290427
1678973400000.0,12.582,12.6225,12.582,12.6225,0.0
1678973100000.0,12.577000000000002,12.582,12.572,12.582,0.536864
1678972800000.0,12.572,12.577,12.572,12.577,0.0
1678972500000.0,12.637,12.702,12.572,12.572,3.075732
1678972200000.0,12.7005,12.702,12.637,12.637,1.481259
1678971900000.0,12.66,12.7005,12.621,12.7005,0.011025
1678971600000.0,12.62875,12.672,12.611,12.66,0.01181
1678971300000.0,12.611,12.616,12.611,12.616,0.0
1678971000000.0,12.611,12.611,12.611,12.611,0.0
1678970700000.0,12.686,12.761,12.611,12.611,3.661048
1678970400000.0,12.776499999999999,12.792,12.686,12.686,0.010177
1678970100000.0,12.792,12.792,12.776499999999999,12.776499999999999,0.0
1678969800000.0,12.768,12.8,12.74,12.792,4.306928
1678969500000.0,12.75,12.766,12.74,12.766,0.004897
1678969200000.0,12.808499999999999,12.857,12.75,12.75,3.026907
1678968900000.0,12.857,12.857,12.808499999999999,12.808499999999999,0.0
1678968600000.0,12.8505,12.857,12.844,12.857,0.073673
1678968300000.0,12.8955,12.947,12.844,12.8505,0.013618
1678968000000.0,12.953500000000002,12.96,12.895499999999998,12.895499999999998,0.004112
1678967700000.0,12.96,12.96,12.9535,12.9535,0.0
1678967400000.0,12.959,12.96,12.958,12.96,0.627904
1678967100000.0,12.9505,12.976,12.934,12.959,3.004659
1678966800000.0,12.9235,12.946,12.913,12.946,0.010095
1678966500000.0,12.895999999999999,12.9235,12.879,12.9235,0.20347
1678966200000.0,12.879,12.896,12.879,12.896,0.0
1678965900000.0,12.873249999999999,12.882,12.866,12.879,0.202899
1678965600000.0,12.8585,12.872499999999999,12.851,12.872499999999999,0.094823
1678965300000.0,12.851,12.8585,12.851,12.8585,0.0
1678965000000.0,12.851,12.851,12.851,12.851,0.0
1678964700000.0,12.8475,12.851,12.844,12.851,0.010677
1678964400000.0,12.844,12.8475,12.844,12.8475,0.0
1678964100000.0,12.91,12.976,12.844,12.844,0.027846
1678963800000.0,12.976,12.976,12.91,12.91,0.0
1678963500000.0,12.8705,12.976,12.765,12.976,0.027582
1678963200000.0,12.765,12.8705,12.765,12.8705,0.0
1678962900000.0,12.765,12.765,12.765,12.765,0.0
1678962600000.0,12.765,12.765,12.765,12.765,0.0
1678962300000.0,12.785499999999999,12.806,12.765,12.765,0.47261
1678962000000.0,12.806,12.806,12.785499999999999,12.785499999999999,0.0
1678961700000.0,12.799499999999998,12.806,12.793,12.806,0.003275
1678961400000.0,12.8015,12.81,12.793,12.799499999999998,0.054788
1678961100000.0,12.852,12.894,12.8015,12.8015,0.008099
1678960800000.0,12.894,12.894,12.852,12.852,0.0
1678960500000.0,12.894,12.894,12.894,12.894,0.0
1678960200000.0,12.894,12.894,12.894,12.894,0.0
1678959900000.0,12.87825,12.901,12.859,12.894,0.019854
1678959600000.0,12.783000000000001,12.8765,12.707,12.8765,3.241255
1678959300000.0,12.680499999999999,12.783000000000001,12.654,12.783000000000001,0.132054
1678959000000.0,12.682500000000001,12.711,12.654,12.6805,0.098574
1678958700000.0,12.711,12.711,12.682500000000001,12.682500000000001,0.0
1678958400000.0,12.711,12.711,12.711,12.711,0.0
1678958100000.0,12.711,12.711,12.711,12.711,0.0
1678957800000.0,12.711,12.711,12.711,12.711,0.0
1678957500000.0,12.738,12.765,12.711,12.711,0.009445
1678957200000.0,12.765,12.765,12.738,12.738,0.0
1678956900000.0,12.765,12.765,12.765,12.765,0.0
1678956600000.0,12.765,12.765,12.765,12.765,0.0
1678956300000.0,12.771,12.777,12.765,12.765,0.008401
1678956000000.0,12.777,12.777,12.771,12.771,0.0
1678955700000.0,12.753499999999999,12.777,12.73,12.777,0.042481
1678955400000.0,12.744500000000002,12.759,12.73,12.753499999999999,0.150236
1678955100000.0,12.77275,12.794,12.744,12.7445,0.013616
1678954800000.0,12.794,12.794,12.7765,12.7765,0.0
1678954500000.0,12.794,12.794,12.794,12.794,0.0
1678954200000.0,12.786,12.806,12.772,12.794,0.40257
1678953900000.0,12.772,12.783000000000001,12.772,12.783000000000001,0.0
1678953600000.0,12.77725,12.789,12.772,12.772,4.193143
1678953300000.0,12.7835,12.791,12.774000000000001,12.774000000000001,0.003258
1678953000000.0,12.7915,12.792,12.7835,12.7835,0.027911
1678952700000.0,12.7975,12.803,12.7915,12.7915,0.014595
1678952400000.0,12.803,12.803,12.7975,12.7975,0.0
1678952100000.0,12.795,12.807,12.763,12.803,4.590108
1678951800000.0,12.80125,12.808,12.795,12.805,0.9119
1678951500000.0,12.752500000000001,12.801,12.71,12.801,3.078423
1678951200000.0,12.71,12.752500000000001,12.71,12.752500000000001,0.0
1678950900000.0,12.732,12.754,12.71,12.71,9.126875
1678950600000.0,12.7365,12.754,12.719,12.732,31.293125
1678950300000.0,12.681999999999999,12.7365,12.645,12.7365,98.695151
1678950000000.0,12.645,12.681999999999999,12.645,12.681999999999999,0.0
1678949700000.0,12.645,12.645,12.645,12.645,0.0
1678949400000.0,12.645,12.645,12.645,12.645,0.0
1678949100000.0,12.6365,12.645,12.628,12.645,0.023988
1678948800000.0,12.6585,12.689,12.628,12.6365,0.041273
1678948500000.0,12.689,12.689,12.6585,12.6585,0.0
1678948200000.0,12.669,12.689,12.649,12.689,27.622
1678947900000.0,12.645000000000001,12.669,12.627,12.669,0.104566
1678947600000.0,12.64,12.6445,12.64,12.6445,0.0
1678947300000.0,12.666,12.692,12.64,12.64,0.00375
1678947000000.0,12.681000000000001,12.692,12.666,12.666,0.021349
1678946700000.0,12.67,12.681000000000001,12.67,12.681000000000001,0.0
1678946400000.0,12.636,12.67,12.602,12.67,3.293946
1678946100000.0,12.602,12.636,12.602,12.636,0.0
1678945800000.0,12.5855,12.602,12.569,12.602,0.015587
1678945500000.0,12.569,12.5855,12.569,12.5855,0.0
1678945200000.0,12.59,12.611,12.569,12.569,0.010768
1678944900000.0,12.604,12.613,12.59,12.59,0.436253
1678944600000.0,12.5775,12.6035,12.559,12.6035,3.118306
1678944300000.0,12.46275,12.5775,12.36,12.5775,0.30544
1678944000000.0,12.36,12.459499999999998,12.36,12.459499999999998,0.0
1678943700000.0,12.36,12.36,12.36,12.36,0.0
1678943400000.0,12.36,12.36,12.36,12.36,0.0
1678943100000.0,12.398,12.436,12.36,12.36,0.018555
1678942800000.0,12.407000000000002,12.45,12.371,12.398,9.036654
1678942500000.0,12.371,12.403500000000001,12.371,12.403500000000001,0.0
1678942200000.0,12.3945,12.418,12.371,12.371,3.209729
1678941900000.0,12.437999999999999,12.458,12.3945,12.3945,0.426317
1678941600000.0,12.458,12.458,12.437999999999999,12.437999999999999,0.0
1678941300000.0,12.4755,12.493,12.458,12.458,3.289726
1678941000000.0,12.5165,12.54,12.4755,12.4755,0.016982
1678940700000.0,12.576,12.612,12.5165,12.5165,0.132641
1678940400000.0,12.612,12.612,12.576,12.576,0.0
1678940100000.0,12.612,12.612,12.612,12.612,0.0
1678939800000.0,12.612,12.612,12.612,12.612,0.0
1678939500000.0,12.619,12.626,12.612,12.612,0.010573
1678939200000.0,12.6275,12.629,12.619,12.619,0.004647
1678938900000.0,12.591000000000001,12.629,12.553,12.6275,0.002144
1678938600000.0,12.577000000000002,12.601,12.553,12.591000000000001,0.074024
1678938300000.0,12.6135,12.626,12.577000000000002,12.577000000000002,0.026128
1678938000000.0,12.626,12.626,12.6135,12.6135,0.0
1678937700000.0,12.636,12.646,12.626,12.626,0.003789
1678937400000.0,12.628,12.646,12.61,12.636,0.0334
1678937100000.0,12.6475,12.685,12.61,12.628,0.753143
1678936800000.0,12.685,12.685,12.6475,12.6475,0.0
1678936500000.0,12.685,12.685,12.685,12.685,0.0
1678936200000.0,12.685,12.685,12.685,12.685,0.0
1678935900000.0,12.711500000000001,12.738,12.685,12.685,0.021097
1678935600000.0,12.734000000000002,12.738,12.711500000000001,12.711500000000001,0.002401
1678935300000.0,12.7065,12.734,12.683,12.734,0.032731
1678935000000.0,12.683,12.7065,12.683,12.7065,0.0
1678934700000.0,12.683,12.683,12.683,12.683,0.0
1678934400000.0,12.6765,12.683,12.67,12.683,0.004133
1678934100000.0,12.6685,12.6765,12.667,12.6765,3.289726
1678933800000.0,12.648,12.6685,12.629,12.6685,0.002106
1678933500000.0,12.637749999999999,12.664,12.629,12.648,0.299152
1678933200000.0,12.613,12.629,12.597,12.629,0.026071
1678932900000.0,12.597,12.613,12.597,12.613,0.0
1678932600000.0,12.597,12.597,12.597,12.597,0.0
1678932300000.0,12.593,12.597,12.589,12.597,0.049407
1678932000000.0,12.589,12.593,12.589,12.593,0.0
1678931700000.0,12.57075,12.6,12.547,12.589,0.041955
1678931400000.0,12.547,12.568000000000001,12.547,12.568000000000001,0.0
1678931100000.0,12.5375,12.553,12.525,12.547,0.010746
1678930800000.0,12.52675,12.54,12.521,12.536000000000001,0.332991
1678930500000.0,12.51175,12.544,12.491,12.523,6.95698
1678930200000.0,12.492,12.506,12.491,12.506,0.003165
1678929900000.0,12.489,12.493,12.485,12.492,0.659633
1678929600000.0,12.463999999999999,12.489,12.443,12.489,9.0
1678929300000.0,12.532,12.621,12.443,12.463999999999999,3.344661
1678929000000.0,12.621,12.621,12.532,12.532,0.0
1678928700000.0,12.621,12.621,12.621,12.621,0.0
1678928400000.0,12.621,12.621,12.621,12.621,0.0
1678928100000.0,12.626000000000001,12.631,12.621,12.621,0.00453
1678927800000.0,12.65,12.669,12.626000000000001,12.626000000000001,0.013572
1678927500000.0,12.669,12.669,12.65,12.65,0.0
1678927200000.0,12.692499999999999,12.716,12.669,12.669,0.076408
1678926900000.0,12.716,12.716,12.692499999999999,12.692499999999999,0.0
1678926600000.0,12.7325,12.749,12.716,12.716,0.002004
1678926300000.0,12.72275,12.758,12.692,12.7325,0.349705
1678926000000.0,12.692,12.720500000000001,12.692,12.720500000000001,0.0
1678925700000.0,12.692,12.692,12.692,12.692,0.0
1678925400000.0,12.692,12.692,12.692,12.692,0.0
1678925100000.0,12.672999999999998,12.692,12.654,12.692,0.002953
1678924800000.0,12.6305,12.673,12.607,12.673,0.194417
1678924500000.0,12.607,12.6305,12.607,12.6305,0.0
1678924200000.0,12.607,12.607,12.607,12.607,0.0
1678923900000.0,12.6115,12.616,12.607,12.607,0.086166
1678923600000.0,12.61675,12.623,12.6115,12.6115,9.010114
1678923300000.0,12.61975,12.635,12.614,12.615,0.08627
1678923000000.0,12.635,12.654,12.615,12.615,0.587417
1678922700000.0,12.654,12.654,12.635,12.635,0.0
1678922400000.0,12.6315,12.654,12.609,12.654,0.003291
1678922100000.0,12.609,12.631499999999999,12.609,12.631499999999999,0.0
1678921800000.0,12.6365,12.664,12.609,12.609,2.322485
1678921500000.0,12.664,12.664,12.6365,12.6365,0.0
1678921200000.0,12.664,12.664,12.664,12.664,0.0
1678920900000.0,12.664,12.664,12.664,12.664,0.0
1678920600000.0,12.642,12.664,12.62,12.664,0.035844
1678920300000.0,12.62,12.642,12.62,12.642,0.0
1678920000000.0,12.617,12.62,12.614,12.62,0.139704
1678919700000.0,12.6605,12.723,12.582,12.617,27.778667
1678919400000.0,12.705250000000001,12.74,12.668500000000002,12.668500000000002,66.802909
1678919100000.0,12.665,12.701,12.642,12.701,0.101493
1678918800000.0,12.642,12.660499999999999,12.642,12.660499999999999,0.0
1678918500000.0,12.642,12.642,12.642,12.642,0.0
1678918200000.0,12.642,12.642,12.642,12.642,0.0
1678917900000.0,12.642,12.642,12.642,12.642,0.0
1678917600000.0,12.642,12.642,12.642,12.642,0.0
1678917300000.0,12.642,12.642,12.642,12.642,0.0
1678917000000.0,12.66225,12.685,12.637,12.642,0.106011
1678916700000.0,12.661000000000001,12.685,12.637,12.663499999999999,0.083576
1678916400000.0,12.637,12.661000000000001,12.637,12.661000000000001,0.0
1678916100000.0,12.644,12.661,12.637,12.637,0.004483
1678915800000.0,12.655,12.669,12.639,12.639,0.018903
1678915500000.0,12.674,12.679,12.655000000000001,12.655000000000001,0.014631
1678915200000.0,12.6785,12.679,12.674,12.674,0.054422
1678914900000.0,12.678,12.6785,12.678,12.6785,0.0
1678914600000.0,12.683,12.688,12.678,12.678,0.003192
1678914300000.0,12.663,12.688,12.638,12.683,0.002296
1678914000000.0,12.631,12.663,12.624,12.663,0.002478
1678913700000.0,12.624,12.631,12.624,12.631,0.0
1678913400000.0,12.6475,12.671,12.624,12.624,0.356149
1678913100000.0,12.641000000000002,12.671,12.611,12.6475,0.007858
1678912800000.0,12.611,12.641,12.611,12.641,0.0
1678912500000.0,12.611,12.611,12.611,12.611,0.0
1678912200000.0,12.613500000000002,12.616,12.611,12.611,0.003841
1678911900000.0,12.6065,12.616,12.597,12.6135,0.260301
1678911600000.0,12.59,12.6065,12.581,12.6065,0.009532
1678911300000.0,12.581,12.588999999999999,12.581,12.588999999999999,0.0
1678911000000.0,12.555499999999999,12.581,12.53,12.581,0.020582
1678910700000.0,12.53,12.555499999999999,12.53,12.555499999999999,0.0
1678910400000.0,12.53,12.53,12.53,12.53,0.0
1678910100000.0,12.53,12.53,12.53,12.53,0.0
1678909800000.0,12.548,12.566,12.53,12.53,0.027948
1678909500000.0,12.566,12.566,12.548,12.548,0.0
1678909200000.0,12.5935,12.621,12.566,12.566,0.188134
1678908900000.0,12.6795,12.738,12.5935,12.5935,0.045659
1678908600000.0,12.7015,12.738,12.665,12.6795,0.670557
1678908300000.0,12.665,12.7015,12.665,12.7015,0.0
1678908000000.0,12.649999999999999,12.665,12.635,12.665,0.017644
1678907700000.0,12.625499999999999,12.649999999999999,12.616,12.649999999999999,0.062342
1678907400000.0,12.616,12.625499999999999,12.616,12.625499999999999,0.0
1678907100000.0,12.649000000000001,12.682,12.616,12.616,0.002538
1678906800000.0,12.676,12.682,12.649000000000001,12.649000000000001,18.0
1678906500000.0,12.633,12.676,12.596,12.676,3.716043
1678906200000.0,12.596,12.633,12.596,12.633,0.0
1678905900000.0,12.596,12.596,12.596,12.596,0.0
1678905600000.0,12.575500000000002,12.596,12.554,12.596,54.152326
1678905300000.0,12.5705,12.587,12.556,12.576,0.010744
1678905000000.0,12.5805,12.583,12.5695,12.5695,0.07134
1678904700000.0,12.526,12.5805,12.474,12.5805,0.576527
1678904400000.0,12.47175,12.526,12.453,12.526,0.012174
1678904100000.0,12.48,12.48,12.477,12.477,0.0
1678903800000.0,12.48,12.48,12.48,12.48,0.0
1678903500000.0,12.48,12.48,12.48,12.48,0.0
1678903200000.0,12.48,12.48,12.48,12.48,0.0
1678902900000.0,12.48,12.48,12.48,12.48,0.0
1678902600000.0,12.48,12.48,12.48,12.48,0.0
1678902300000.0,12.48,12.48,12.48,12.48,0.0
1678902000000.0,12.48,12.48,12.48,12.48,0.0
1678901700000.0,12.4435,12.48,12.407,12.48,0.04246
1678901400000.0,12.43,12.453,12.407,12.4435,0.120891
1678901100000.0,12.4625,12.484,12.429,12.43,0.240531
1678900800000.0,12.484,12.484,12.468499999999999,12.468499999999999,0.0
1678900500000.0,12.484,12.484,12.484,12.484,0.0
1678900200000.0,12.4575,12.484,12.431,12.484,2.391227
1678899900000.0,12.353750000000002,12.4575,12.276,12.4575,20.773618
1678899600000.0,12.286999999999999,12.3535,12.276,12.3535,2.737902
1678899300000.0,12.3805,12.463,12.286999999999999,12.286999999999999,0.110566
1678899000000.0,12.43975,12.484,12.3805,12.3805,21.028322
1678898700000.0,12.3995,12.4345,12.39,12.4345,0.192308
1678898400000.0,12.44825,12.514,12.369,12.401,7.780961
1678898100000.0,12.584,12.654,12.455,12.455,0.324527
1678897800000.0,12.6325,12.654,12.584,12.584,0.897797
1678897500000.0,12.5625,12.6325,12.514,12.6325,4.214086
1678897200000.0,12.514,12.5625,12.514,12.5625,0.0
1678896900000.0,12.514,12.514,12.514,12.514,0.0
1678896600000.0,12.5795,12.645,12.514,12.514,4.235139
1678896300000.0,12.675999999999998,12.707,12.5795,12.5795,3.557211
1678896000000.0,12.78725,12.901,12.676,12.676,4.362115
1678895700000.0,12.834,12.834,12.7705,12.7705,0.0
1678895400000.0,12.8795,12.925,12.834,12.834,3.607726
1678895100000.0,12.925,12.925,12.8795,12.8795,0.0
1678894800000.0,12.937999999999999,12.951,12.925,12.925,0.104625
1678894500000.0,13.040500000000002,13.13,12.938,12.938,7.794482
1678894200000.0,13.159,13.2,13.040500000000002,13.040500000000002,0.416367
1678893900000.0,13.185249999999998,13.206,13.153,13.153,0.692198
1678893600000.0,13.239999999999998,13.274,13.190999999999999,13.190999999999999,19.334434
1678893300000.0,13.274,13.274,13.239999999999998,13.239999999999998,0.0
1678893000000.0,13.204999999999998,13.274,13.136,13.274,0.304579
1678892700000.0,13.136,13.204999999999998,13.136,13.204999999999998,0.0
1678892400000.0,13.136,13.136,13.136,13.136,0.0
1678892100000.0,13.136,13.136,13.136,13.136,0.0
1678891800000.0,13.136,13.136,13.136,13.136,0.0
1678891500000.0,13.172999999999998,13.21,13.136,13.136,0.062246
1678891200000.0,13.277000000000001,13.344,13.173,13.173,3.500728
1678890900000.0,13.344,13.344,13.277000000000001,13.277000000000001,0.0
1678890600000.0,13.411,13.478,13.344,13.344,12.783206
1678890300000.0,13.5195,13.57,13.411,13.411,0.517531
1678890000000.0,13.457,13.57,13.344,13.524000000000001,2.894435
1678889700000.0,13.344,13.457,13.344,13.457,0.0
1678889400000.0,13.344,13.344,13.344,13.344,0.0
1678889100000.0,13.344,13.344,13.344,13.344,0.0
1678888800000.0,13.37125,13.405,13.344,13.344,2.925585
1678888500000.0,13.448,13.504,13.367999999999999,13.367999999999999,3.469661
1678888200000.0,13.504,13.504,13.448,13.448,0.0
1678887900000.0,13.504,13.504,13.504,13.504,0.0
1678887600000.0,13.521999999999998,13.54,13.504,13.504,0.027279
1678887300000.0,13.57,13.6,13.521999999999998,13.521999999999998,0.165135
1678887000000.0,13.6,13.6,13.57,13.57,0.0
1678886700000.0,13.631,13.676,13.6,13.6,0.140011
1678886400000.0,13.636999999999999,13.648,13.623999999999999,13.623999999999999,3.054389
1678886100000.0,13.626,13.637,13.626,13.637,0.0
1678885800000.0,13.485,13.626,13.344,13.626,3.344632
1678885500000.0,13.344,13.485,13.344,13.485,0.0
1678885200000.0,13.344,13.344,13.344,13.344,0.0
1678884900000.0,13.344,13.344,13.344,13.344,0.0
1678884600000.0,13.344,13.344,13.344,13.344,0.0
1678884300000.0,13.38,13.416,13.344,13.344,2.894435
1678884000000.0,13.531500000000001,13.647,13.379999999999999,13.379999999999999,3.474507
1678883700000.0,13.654,13.661,13.531500000000001,13.531500000000001,0.256671
1678883400000.0,13.558,13.691,13.44,13.654,7.215148
1678883100000.0,13.419,13.5505,13.398,13.5505,14.490751
1678882800000.0,13.398,13.419,13.394,13.419,0.022275
1678882500000.0,13.4,13.4,13.399000000000001,13.399000000000001,0.0
1678882200000.0,13.4105,13.438,13.4,13.4,0.1383
1678881900000.0,13.404,13.404,13.402000000000001,13.402000000000001,0.0
1678881600000.0,13.404,13.404,13.404,13.404,0.0
1678881300000.0,13.404,13.404,13.404,13.404,0.0
1678881000000.0,13.404,13.404,13.404,13.404,0.0
1678880700000.0,13.404,13.404,13.404,13.404,0.0
1678880400000.0,13.33825,13.407,13.271,13.404,0.124062
1678880100000.0,13.256500000000003,13.3375,13.242,13.3375,0.145024
1678879800000.0,13.285,13.328,13.242,13.2565,0.30207
1678879500000.0,13.307500000000001,13.36,13.271,13.285,0.599571
1678879200000.0,13.307500000000001,13.344,13.271,13.2995,0.401001
1678878900000.0,13.3655,13.387,13.307500000000001,13.307500000000001,2.894435
1678878600000.0,13.3935,13.4,13.3655,13.3655,0.927953
1678878300000.0,13.459,13.518,13.3935,13.3935,9.069629
1678878000000.0,13.536000000000001,13.554,13.459,13.459,3.767488
1678877700000.0,13.607,13.66,13.536000000000001,13.536000000000001,0.392628
1678877400000.0,13.66,13.66,13.607,13.607,0.0
1678877100000.0,13.627500000000001,13.66,13.595,13.66,0.010801
1678876800000.0,13.595,13.627500000000001,13.595,13.627500000000001,0.003777
1678876500000.0,13.595,13.595,13.595,13.595,0.0
1678876200000.0,13.60325,13.619,13.58,13.595,0.434705
1678875900000.0,13.6475,13.676,13.607,13.607,3.397765
1678875600000.0,13.676,13.676,13.6475,13.6475,0.0
1678875300000.0,13.7045,13.733,13.676,13.676,0.040864
1678875000000.0,13.7135,13.733,13.694,13.7045,0.003687
1678874700000.0,13.694,13.7135,13.694,13.7135,0.0
1678874400000.0,13.694,13.694,13.694,13.694,0.0
1678874100000.0,13.66825,13.701,13.639,13.694,0.006549
1678873800000.0,13.639,13.6665,13.639,13.6665,0.0
1678873500000.0,13.666999999999998,13.695,13.639,13.639,0.023778
1678873200000.0,13.721499999999999,13.748,13.667,13.667,0.388585
1678872900000.0,13.761999999999999,13.776,13.721499999999999,13.721499999999999,2.835419
1678872600000.0,13.776,13.776,13.762,13.762,0.0
1678872300000.0,13.81025,13.847,13.771,13.776,0.094902
1678872000000.0,13.8775,13.908,13.811499999999999,13.811499999999999,0.086324
1678871700000.0,13.908,13.908,13.8775,13.8775,0.0
1678871400000.0,13.908,13.908,13.908,13.908,0.0
1678871100000.0,13.908,13.908,13.908,13.908,0.0
1678870800000.0,13.908,13.908,13.908,13.908,0.0
1678870500000.0,13.908,13.908,13.908,13.908,0.0
1678870200000.0,13.908,13.908,13.908,13.908,0.0
1678869900000.0,13.898499999999999,13.908,13.889,13.908,0.06574
1678869600000.0,13.889,13.898499999999999,13.889,13.898499999999999,0.0
1678869300000.0,13.901999999999997,13.915,13.889,13.889,0.032386
1678869000000.0,13.915,13.915,13.902,13.902,0.0
1678868700000.0,13.93775,13.97,13.896,13.915,0.102394
1678868400000.0,13.975250000000003,13.983,13.942499999999999,13.942499999999999,0.033468
1678868100000.0,13.983,13.983,13.976500000000001,13.976500000000001,0.0
1678867800000.0,13.983,13.983,13.983,13.983,0.0
1678867500000.0,13.983,13.983,13.983,13.983,0.0
1678867200000.0,13.9475,13.983,13.912,13.983,0.178076
1678866900000.0,13.912,13.947500000000002,13.912,13.947500000000002,0.0
1678866600000.0,13.912,13.912,13.912,13.912,0.0
1678866300000.0,13.914750000000002,13.927,13.91,13.912,0.1176
1678866000000.0,13.91,13.911000000000001,13.91,13.911000000000001,0.0
1678865700000.0,13.91,13.91,13.91,13.91,0.0
1678865400000.0,13.91,13.91,13.91,13.91,0.0
1678865100000.0,13.88675,13.917,13.86,13.91,0.312156
1678864800000.0,13.86,13.885,13.86,13.885,0.0
1678864500000.0,13.8995,13.939,13.86,13.86,0.028171
1678864200000.0,13.939,13.939,13.8995,13.8995,0.0
1678863900000.0,13.939,13.939,13.939,13.939,0.0
1678863600000.0,13.939,13.939,13.939,13.939,0.0
1678863300000.0,13.939,13.939,13.939,13.939,0.0
1678863000000.0,13.939,13.939,13.939,13.939,0.0
1678862700000.0,13.93775,13.944,13.934,13.939,0.114764
1678862400000.0,13.8905,13.936499999999999,13.847,13.936499999999999,0.003959
1678862100000.0,13.847,13.8905,13.847,13.8905,0.0
1678861800000.0,13.8515,13.856,13.847,13.847,0.16927
1678861500000.0,13.838999999999999,13.856,13.822,13.8515,0.082643
1678861200000.0,13.822,13.838999999999999,13.822,13.838999999999999,0.0
1678860900000.0,13.822,13.822,13.822,13.822,0.0
1678860600000.0,13.822,13.822,13.822,13.822,0.0
1678860300000.0,13.8615,13.901,13.822,13.822,3.734419
1678860000000.0,13.901,13.901,13.8615,13.8615,0.0
1678859700000.0,13.901,13.901,13.901,13.901,0.0
1678859400000.0,13.915,13.929,13.901,13.901,24.962
1678859100000.0,13.991,14.053,13.915,13.915,25.346902
1678858800000.0,14.053,14.053,13.991,13.991,0.0
1678858500000.0,14.0355,14.053,14.018,14.053,0.105328
1678858200000.0,14.0555,14.093,14.018,14.0355,25.029112
1678857900000.0,14.090499999999999,14.119,14.0555,14.0555,0.596674
1678857600000.0,14.075,14.084,14.075,14.084,0.0
1678857300000.0,14.0315,14.075,13.988,14.075,0.002852
1678857000000.0,13.988,14.0315,13.988,14.0315,0.0
1678856700000.0,13.988,13.988,13.988,13.988,0.0
1678856400000.0,13.988,13.988,13.988,13.988,0.0
1678856100000.0,13.988,13.988,13.988,13.988,0.0
1678855800000.0,13.988,13.988,13.988,13.988,0.0
1678855500000.0,13.981000000000002,13.988,13.974,13.988,0.039819
1678855200000.0,13.983,13.997,13.974,13.981,36.0
1678854900000.0,14.01275,14.09,13.9805,13.9805,409.264748
1678854600000.0,14.005,14.023,13.987,13.987,0.010076
1678854300000.0,14.022,14.023,14.004999999999999,14.004999999999999,0.062236
1678854000000.0,14.007000000000001,14.022,13.993,14.022,0.004082
1678853700000.0,14.01975,14.048,13.99,14.007000000000001,9.071766
1678853400000.0,14.048,14.048,14.0205,14.0205,0.0
1678853100000.0,14.048,14.048,14.048,14.048,0.0
1678852800000.0,14.0305,14.048,14.013,14.048,21.0
1678852500000.0,14.00475,14.0305,13.994,14.0305,0.031905
1678852200000.0,13.994,14.003499999999999,13.994,14.003499999999999,0.0
1678851900000.0,13.997499999999999,14.001,13.994,13.994,0.026429
1678851600000.0,13.98,14.009,13.955,13.997499999999999,0.070909
1678851300000.0,13.955,13.978,13.955,13.978,0.0
1678851000000.0,13.962,13.969,13.955,13.955,2.767706
1678850700000.0,14.018,14.067,13.962,13.962,0.322304
1678850400000.0,14.067,14.067,14.018,14.018,0.0
1678850100000.0,14.067,14.067,14.067,14.067,0.0
1678849800000.0,14.060500000000001,14.067,14.054,14.067,0.003399
1678849500000.0,14.0795,14.105,14.054,14.060500000000001,0.002105
1678849200000.0,14.105,14.105,14.0795,14.0795,0.0
1678848900000.0,14.1065,14.108,14.105,14.105,0.156261
1678848600000.0,14.084,14.108,14.06,14.1065,0.08172
1678848300000.0,14.06,14.084,14.06,14.084,0.0
1678848000000.0,14.055,14.06,14.05,14.06,0.005714
1678847700000.0,14.05,14.055,14.05,14.055,0.0
1678847400000.0,14.03425,14.057,14.015,14.05,0.069273
1678847100000.0,14.004999999999999,14.0325,13.995,14.0325,0.061923
1678846800000.0,13.995,14.004999999999999,13.995,14.004999999999999,0.0
1678846500000.0,14.011999999999999,14.029,13.995,13.995,0.640597
1678846200000.0,14.058,14.087,14.012,14.012,2.016668
1678845900000.0,14.087,14.087,14.058,14.058,0.0
1678845600000.0,14.085,14.087,14.081,14.087,2.684701
1678845300000.0,14.085,14.086,14.085,14.086,0.0
1678845000000.0,14.1355,14.186,14.085,14.085,0.002873
1678844700000.0,14.186,14.186,14.1355,14.1355,0.0
1678844400000.0,14.204749999999999,14.267,14.183,14.186,13.403023
1678844100000.0,14.213000000000001,14.243,14.183,14.1845,0.076115
1678843800000.0,14.1665,14.243,14.09,14.213000000000001,11.800342
1678843500000.0,14.07325,14.1665,14.049,14.1665,0.438506
1678843200000.0,14.0225,14.077,13.981,14.077,12.347487
1678842900000.0,13.981,14.0225,13.981,14.0225,0.0
1678842600000.0,13.981,13.981,13.981,13.981,0.0
1678842300000.0,13.981,13.981,13.981,13.981,0.0
1678842000000.0,13.9495,13.981,13.918,13.981,2.809378
1678841700000.0,13.835,13.9495,13.752,13.9495,0.016599
1678841400000.0,13.752,13.835,13.752,13.835,0.0
1678841100000.0,13.752,13.752,13.752,13.752,0.0
1678840800000.0,13.7555,13.774,13.748,13.752,18.147679
1678840500000.0,13.782499999999999,13.817,13.748,13.75,2.86689
1678840200000.0,13.8255,13.834,13.782499999999999,13.782499999999999,0.224324
1678839900000.0,13.891000000000002,13.948,13.8255,13.8255,0.016845
1678839600000.0,13.948,13.948,13.891,13.891,0.0
1678839300000.0,13.948,13.948,13.948,13.948,0.0
1678839000000.0,13.948,13.948,13.948,13.948,0.0
1678838700000.0,13.948,13.948,13.948,13.948,0.0
1678838400000.0,13.964500000000001,13.981,13.948,13.948,0.178523
1678838100000.0,13.981,13.981,13.964500000000001,13.964500000000001,0.0
1678837800000.0,13.981,13.981,13.981,13.981,0.0
1678837500000.0,13.981,13.981,13.981,13.981,0.0
1678837200000.0,13.96175,13.981,13.939,13.981,2.85644
1678836900000.0,13.946,13.9635,13.946,13.9635,0.0
1678836600000.0,13.935500000000001,13.95,13.923,13.946,1.186299
1678836300000.0,13.909749999999999,13.9345,13.883,13.9345,0.398306
1678836000000.0,13.908999999999999,13.9165,13.908,13.9165,0.095128
1678835700000.0,13.908,13.908999999999999,13.908,13.908999999999999,0.0
1678835400000.0,13.908,13.908,13.908,13.908,0.0
1678835100000.0,13.9185,13.929,13.908,13.908,0.018603
1678834800000.0,13.910499999999999,13.929,13.892,13.9185,0.003546
1678834500000.0,13.892,13.910499999999999,13.892,13.910499999999999,0.0
1678834200000.0,13.892,13.892,13.892,13.892,0.0
1678833900000.0,13.892,13.892,13.892,13.892,0.0
1678833600000.0,13.8995,13.907,13.892,13.892,0.204063
1678833300000.0,13.8545,13.907,13.802,13.8995,3.094792
1678833000000.0,13.8165,13.8545,13.802,13.8545,0.005903
1678832700000.0,13.816749999999999,13.831,13.797,13.8165,0.401256
1678832400000.0,13.808,13.8195,13.808,13.8195,0.0
1678832100000.0,13.823,13.838,13.808,13.808,0.002469
1678831800000.0,13.7975,13.838,13.757,13.823,0.473803
1678831500000.0,13.757,13.7975,13.757,13.7975,0.0
1678831200000.0,13.757,13.757,13.757,13.757,0.0
1678830900000.0,13.757,13.757,13.757,13.757,0.0
1678830600000.0,13.757,13.757,13.757,13.757,0.0
1678830300000.0,13.757,13.757,13.757,13.757,0.0
1678830000000.0,13.757,13.757,13.757,13.757,0.0
1678829700000.0,13.717500000000001,13.757,13.678,13.757,0.035857
1678829400000.0,13.678,13.717500000000001,13.678,13.717500000000001,0.0
1678829100000.0,13.665,13.678,13.652,13.678,0.67826
1678828800000.0,13.6355,13.665,13.619,13.665,0.009211
1678828500000.0,13.6625,13.706,13.619,13.6355,3.397765
1678828200000.0,13.681,13.706,13.656,13.6625,0.099713
1678827900000.0,13.789,13.922,13.656,13.681000000000001,3.490553
1678827600000.0,13.922,13.922,13.789000000000001,13.789000000000001,0.0
1678827300000.0,13.922,13.922,13.922,13.922,0.0
1678827000000.0,13.9095,13.922,13.897,13.922,0.005287
1678826700000.0,13.897,13.909500000000001,13.897,13.909500000000001,0.0
1678826400000.0,13.897,13.897,13.897,13.897,0.0
1678826100000.0,13.9415,13.986,13.897,13.897,0.1198
1678825800000.0,13.97875,14.015,13.941500000000001,13.941500000000001,4.50559
1678825500000.0,13.94525,13.9715,13.927,13.9715,0.007173
1678825200000.0,13.935500000000001,13.944,13.927,13.942,0.012513
1678824900000.0,13.944,13.944,13.935500000000001,13.935500000000001,0.0
1678824600000.0,13.9625,13.981,13.944,13.944,0.005962
1678824300000.0,13.981,13.981,13.9625,13.9625,0.0
1678824000000.0,13.8645,13.981,13.748,13.981,2.809378
1678823700000.0,13.748,13.8645,13.748,13.8645,0.0
1678823400000.0,13.748,13.748,13.748,13.748,0.0
1678823100000.0,13.772499999999999,13.797,13.748,13.748,2.894772
1678822800000.0,13.7905,13.797,13.7725,13.7725,0.044443
1678822500000.0,13.79575,13.823,13.784,13.790500000000002,0.065654
1678822200000.0,13.8095,13.827,13.788,13.788,0.609236
1678821900000.0,13.825,13.839,13.8095,13.8095,0.225007
1678821600000.0,13.817,13.822,13.817,13.822,0.0
1678821300000.0,13.91875,14.029,13.8,13.817,7.460967
1678821000000.0,14.125499999999999,14.222,13.923,13.923,3.2978
1678820700000.0,14.199,14.222,14.125499999999999,14.125499999999999,0.00258
1678820400000.0,14.131499999999999,14.199,14.087,14.199,0.481546
1678820100000.0,14.125499999999999,14.164,14.087,14.131499999999999,0.660228
1678819800000.0,14.224499999999999,14.285,14.125499999999999,14.125499999999999,2.730095
1678819500000.0,14.296499999999998,14.308,14.224499999999999,14.224499999999999,0.081008
1678819200000.0,14.337,14.366,14.2965,14.2965,24.29
1678818900000.0,14.3905,14.415,14.337,14.337,0.00995
1678818600000.0,14.4265,14.438,14.3905,14.3905,0.168199
1678818300000.0,14.3345,14.438,14.231,14.4265,0.255812
1678818000000.0,14.231,14.3345,14.231,14.3345,0.0
1678817700000.0,14.231,14.231,14.231,14.231,0.0
1678817400000.0,14.231,14.231,14.231,14.231,0.0
1678817100000.0,14.2865,14.342,14.231,14.231,3.622112
1678816800000.0,14.3585,14.375,14.2865,14.2865,0.002005
1678816500000.0,14.375,14.375,14.3585,14.3585,0.0
1678816200000.0,14.375,14.375,14.375,14.375,0.0
1678815900000.0,14.375,14.375,14.375,14.375,0.0
1678815600000.0,14.379,14.383,14.375,14.375,0.4319
1678815300000.0,14.3965,14.41,14.379,14.379,0.075521
1678815000000.0,14.41,14.41,14.3965,14.3965,0.0
1678814700000.0,14.377,14.41,14.344,14.41,0.558641
1678814400000.0,14.41,14.476,14.344,14.376999999999999,0.016904
1678814100000.0,14.476,14.476,14.41,14.41,0.0
1678813800000.0,14.4855,14.495,14.476,14.476,0.257878
1678813500000.0,14.4875,14.495,14.48,14.4855,1.262019
1678813200000.0,14.442499999999999,14.4875,14.405,14.4875,1.987065
1678812900000.0,14.405,14.442499999999999,14.405,14.442499999999999,0.0
1678812600000.0,14.356,14.405,14.307,14.405,0.003756
1678812300000.0,14.307,14.356,14.307,14.356,0.0
1678812000000.0,14.297,14.307,14.287,14.307,0.099014
1678811700000.0,14.287,14.297,14.287,14.297,0.0
1678811400000.0,14.2725,14.287,14.258,14.287,0.621971
1678811100000.0,14.256,14.274,14.232,14.2725,2.945588
1678810800000.0,14.322,14.384,14.259,14.259,0.651416
1678810500000.0,14.384,14.384,14.322,14.322,0.0
1678810200000.0,14.384,14.384,14.384,14.384,0.0
1678809900000.0,14.468,14.552,14.384,14.384,0.457716
1678809600000.0,14.46425,14.573,14.366,14.468,14.254082
1678809300000.0,14.366,14.459,14.366,14.459,0.0
1678809000000.0,14.307500000000001,14.366,14.249,14.366,0.011218
1678808700000.0,14.249,14.307500000000001,14.249,14.307500000000001,0.0
1678808400000.0,14.251000000000001,14.253,14.249,14.249,0.08845
1678808100000.0,14.243000000000002,14.253,14.233,14.251000000000001,0.464219
1678807800000.0,14.2185,14.243,14.204,14.243,0.124137
1678807500000.0,14.252,14.3,14.204,14.2185,3.259
1678807200000.0,14.372499999999999,14.445,14.252,14.252,0.279721
1678806900000.0,14.425,14.505,14.3725,14.3725,6.999104
1678806600000.0,14.337,14.41,14.299,14.41,0.438836
1678806300000.0,14.2455,14.337,14.192,14.337,3.862461
1678806000000.0,14.1665,14.2455,14.141,14.2455,2.767706
1678805700000.0,14.137,14.1665,14.133,14.1665,0.017547
1678805400000.0,14.078,14.137,14.023,14.137,0.438836
1678805100000.0,14.023,14.078,14.023,14.078,0.0
1678804800000.0,14.0025,14.023,13.982,14.023,0.036607
1678804500000.0,13.982,14.0025,13.982,14.0025,0.0
1678804200000.0,14.0155,14.049,13.982,13.982,0.046728
1678803900000.0,14.01025,14.062,13.965,14.0155,7.133319
1678803600000.0,13.96025,14.007,13.936,14.007,0.625902
1678803300000.0,13.915,13.97,13.86,13.967500000000001,0.071439
1678803000000.0,13.831,13.915,13.802,13.915,3.622663
1678802700000.0,13.827,13.852,13.802,13.831,0.289814
1678802400000.0,13.8875,13.923,13.827,13.827,0.025291
1678802100000.0,13.923,13.923,13.8875,13.8875,0.0
1678801800000.0,13.91,13.923,13.897,13.923,0.003419
1678801500000.0,13.8675,13.91,13.838,13.91,6.192945
1678801200000.0,13.805,13.8675,13.772,13.8675,0.571854
1678800900000.0,13.772,13.805,13.772,13.805,0.0
1678800600000.0,13.714500000000001,13.772,13.657,13.772,11.462106
1678800300000.0,13.657,13.714500000000001,13.619,13.714500000000001,15.713649
1678800000000.0,13.756499999999999,13.837,13.6665,13.6665,0.03423
1678799700000.0,13.837,13.837,13.756499999999999,13.756499999999999,0.0
1678799400000.0,13.837,13.837,13.837,13.837,0.0
1678799100000.0,13.844999999999999,13.853,13.837,13.837,25.39335
1678798800000.0,13.8455,13.853,13.838,13.844999999999999,3.009243
1678798500000.0,13.8065,13.8455,13.775,13.8455,0.388522
1678798200000.0,13.6725,13.8065,13.57,13.8065,15.94967
1678797900000.0,13.5075,13.6725,13.445,13.6725,6.527515
1678797600000.0,13.378,13.5075,13.311,13.5075,2.584753
1678797300000.0,13.279,13.378,13.247,13.378,0.003737
1678797000000.0,13.177499999999998,13.279,13.044,13.279,6.485152
1678796700000.0,13.0605,13.2095,12.835,13.2095,0.099393
1678796400000.0,13.06475,13.1175,13.06,13.1175,1.175208
1678796100000.0,13.06,13.0615,13.06,13.0615,0.0
1678795800000.0,13.06,13.06,13.06,13.06,0.0
1678795500000.0,13.06,13.06,13.06,13.06,0.0
1678795200000.0,13.06,13.06,13.06,13.06,0.0
1678794900000.0,13.06,13.06,13.06,13.06,0.0
1678794600000.0,13.053,13.06,13.046,13.06,0.002764
1678794300000.0,13.046,13.053,13.046,13.053,0.0
1678794000000.0,13.0305,13.046,13.015,13.046,0.393472
1678793700000.0,13.011000000000001,13.0305,12.993,13.0305,20.05533
1678793400000.0,13.020999999999999,13.028,13.01,13.0165,0.088969
1678793100000.0,13.051499999999999,13.075,13.023,13.023,0.01799
1678792800000.0,13.075,13.075,13.0515,13.0515,0.0
1678792500000.0,13.0635,13.075,13.052,13.075,0.321956
1678792200000.0,13.052,13.0635,13.052,13.0635,0.0
1678791900000.0,13.052,13.052,13.052,13.052,0.0
1678791600000.0,13.052,13.052,13.052,13.052,0.0
1678791300000.0,13.030999999999999,13.052,13.01,13.052,3.193523
1678791000000.0,13.0055,13.030999999999999,13.001,13.030999999999999,0.002542
1678790700000.0,13.001,13.0055,13.001,13.0055,0.0
1678790400000.0,12.9805,13.001,12.96,13.001,0.009673
1678790100000.0,12.9505,12.9805,12.939,12.9805,0.052295
1678789800000.0,12.9315,12.9495,12.924,12.9495,0.066164
1678789500000.0,12.929499999999999,12.937,12.92,12.9315,0.021471
1678789200000.0,12.937,12.937,12.930499999999999,12.930499999999999,0.0
1678788900000.0,12.937,12.937,12.937,12.937,0.0
1678788600000.0,12.937,12.937,12.937,12.937,0.0
1678788300000.0,12.937,12.937,12.937,12.937,0.0
1678788000000.0,12.9385,12.94,12.937,12.937,0.002178
1678787700000.0,12.927999999999999,12.942,12.915,12.9385,0.078286
1678787400000.0,12.915,12.927499999999998,12.915,12.927499999999998,0.0
1678787100000.0,12.9155,12.916,12.915,12.915,0.00371
1678786800000.0,12.922,12.928,12.9155,12.9155,0.349529
1678786500000.0,12.885000000000002,12.928,12.842,12.922,0.163325
1678786200000.0,12.86,12.885000000000002,12.834,12.885000000000002,3.385047
1678785900000.0,12.8905,12.899,12.862,12.862,0.573109
1678785600000.0,12.899,12.899,12.8905,12.8905,0.0
1678785300000.0,12.899,12.899,12.899,12.899,0.0
1678785000000.0,12.899,12.899,12.899,12.899,0.0
1678784700000.0,12.921,12.943,12.899,12.899,0.004678
1678784400000.0,12.9475,12.952,12.921,12.921,0.406633
1678784100000.0,12.952,12.952,12.9475,12.9475,0.0
1678783800000.0,12.966999999999999,12.982,12.952,12.952,2.982036
1678783500000.0,12.995,13.008,12.966999999999999,12.966999999999999,18.045237
1678783200000.0,13.026499999999999,13.045,12.995,12.995,3.377124
1678782900000.0,13.04125,13.048,13.026499999999999,13.026499999999999,0.008903
1678782600000.0,13.031749999999999,13.0405,13.026,13.0405,0.768187
1678782300000.0,13.0275,13.032499999999999,13.026,13.032499999999999,0.057456
1678782000000.0,13.038999999999998,13.052,13.026,13.0275,0.064179
1678781700000.0,13.052,13.052,13.039,13.039,0.0
1678781400000.0,13.052,13.052,13.052,13.052,0.0
1678781100000.0,13.0735,13.095,13.052,13.052,7.395182
1678780800000.0,13.089,13.095,13.0735,13.0735,0.190151
1678780500000.0,13.083,13.089,13.083,13.089,0.0
1678780200000.0,13.083,13.083,13.083,13.083,0.0
1678779900000.0,13.1195,13.156,13.083,13.083,0.108728
1678779600000.0,13.156,13.156,13.1195,13.1195,0.0
1678779300000.0,13.158,13.16,13.156,13.156,0.00231
1678779000000.0,13.169999999999998,13.18,13.158000000000001,13.158000000000001,0.00248
1678778700000.0,13.202,13.224,13.17,13.17,0.201684
1678778400000.0,13.232,13.24,13.202,13.202,0.026444
1678778100000.0,13.24,13.24,13.232,13.232,0.0
1678777800000.0,13.23,13.24,13.22,13.24,0.003147
1678777500000.0,13.22,13.23,13.22,13.23,0.0
1678777200000.0,13.22,13.22,13.22,13.22,0.0
1678776900000.0,13.22,13.22,13.22,13.22,0.0
1678776600000.0,13.22,13.22,13.22,13.22,0.0
1678776300000.0,13.2385,13.257,13.22,13.22,0.06786
1678776000000.0,13.257,13.257,13.2385,13.2385,0.0
1678775700000.0,13.257,13.257,13.257,13.257,0.0
1678775400000.0,13.2535,13.26,13.237,13.257,0.514634
1678775100000.0,13.23525,13.26,13.2,13.2585,0.006219
1678774800000.0,13.217,13.2405,13.213,13.2405,10.28826
1678774500000.0,13.2665,13.32,13.213,13.216999999999999,0.287884
1678774200000.0,13.32,13.32,13.2665,13.2665,0.0
1678773900000.0,13.32,13.32,13.32,13.32,0.0
1678773600000.0,13.32,13.32,13.32,13.32,0.0
1678773300000.0,13.32,13.32,13.32,13.32,0.0
1678773000000.0,13.2595,13.32,13.199,13.32,0.007242
1678772700000.0,13.199,13.2595,13.199,13.2595,0.0
1678772400000.0,13.2515,13.304,13.199,13.199,0.189005
1678772100000.0,13.31075,13.324,13.2515,13.2515,42.0
1678771800000.0,13.311,13.311,13.307500000000001,13.307500000000001,0.0
1678771500000.0,13.186,13.311,13.04,13.311,46.354935
1678771200000.0,13.1645,13.247,13.082,13.1965,0.248357
1678770900000.0,13.247,13.247,13.1645,13.1645,0.0
1678770600000.0,13.2045,13.247,13.162,13.247,3.553432
1678770300000.0,13.162,13.2045,13.162,13.2045,0.0
1678770000000.0,13.162,13.162,13.162,13.162,0.0
1678769700000.0,13.1515,13.162,13.141,13.162,0.004763
1678769400000.0,13.141,13.1515,13.141,13.1515,0.0
1678769100000.0,13.141,13.141,13.141,13.141,0.0
1678768800000.0,13.1155,13.141,13.09,13.141,22.002143
1678768500000.0,13.08,13.1155,13.07,13.1155,26.977951
1678768200000.0,13.0735,13.08,13.07,13.08,0.300284
1678767900000.0,13.0815,13.086,13.0735,13.0735,0.362084
1678767600000.0,13.086,13.086,13.0815,13.0815,0.0
1678767300000.0,13.106,13.126,13.086,13.086,1.001681
1678767000000.0,13.126,13.126,13.106,13.106,0.0
1678766700000.0,13.126,13.126,13.126,13.126,0.0
1678766400000.0,13.103,13.126,13.08,13.126,0.005976
1678766100000.0,13.08,13.103,13.08,13.103,0.0
1678765800000.0,13.083,13.086,13.08,13.08,0.010192
1678765500000.0,13.086,13.086,13.083,13.083,0.0
1678765200000.0,13.073,13.086,13.06,13.086,0.051455
1678764900000.0,13.06,13.073,13.06,13.073,0.0
1678764600000.0,13.031,13.072,12.996,13.06,0.307141
1678764300000.0,12.996,13.028,12.996,13.028,0.0
1678764000000.0,12.996,12.996,12.996,12.996,0.0
1678763700000.0,12.996,12.996,12.996,12.996,0.0
1678763400000.0,12.996,12.996,12.996,12.996,0.0
1678763100000.0,12.996,12.996,12.996,12.996,0.0
1678762800000.0,12.9915,12.996,12.987,12.996,0.006667
1678762500000.0,12.9975,13.008,12.987,12.9915,0.006267
1678762200000.0,13.014,13.02,12.997499999999999,12.997499999999999,0.420004
1678761900000.0,13.023,13.026,13.014,13.014,0.03806
1678761600000.0,13.041999999999998,13.058,13.023,13.023,3.296718
1678761300000.0,13.0595,13.062,13.042,13.042,0.167887
1678761000000.0,13.06,13.06,13.059000000000001,13.059000000000001,0.0
1678760700000.0,13.086,13.112,13.06,13.06,0.552715
1678760400000.0,13.112,13.112,13.086,13.086,0.0
1678760100000.0,13.112,13.112,13.112,13.112,0.0
1678759800000.0,13.112,13.112,13.112,13.112,0.0
1678759500000.0,13.116,13.12,13.112,13.112,0.007137
1678759200000.0,13.12,13.12,13.116,13.116,0.0
1678758900000.0,13.12,13.12,13.12,13.12,0.0
1678758600000.0,13.139999999999999,13.16,13.12,13.12,0.329066
1678758300000.0,13.1485,13.16,13.137,13.14,18.0
1678758000000.0,13.14,13.1485,13.137,13.1485,10.0
1678757700000.0,13.121500000000001,13.143,13.1,13.14,0.080435
1678757400000.0,13.129,13.158,13.1,13.121500000000001,9.563795
1678757100000.0,13.186499999999999,13.216,13.129,13.129,0.444024
1678756800000.0,13.216,13.216,13.187,13.187,0.0
1678756500000.0,13.216,13.216,13.216,13.216,0.0
1678756200000.0,13.216,13.216,13.216,13.216,0.0
1678755900000.0,13.23125,13.25,13.209,13.216,18.564375
1678755600000.0,13.25,13.25,13.233,13.233,0.0
1678755300000.0,13.2635,13.277,13.25,13.25,0.006514
1678755000000.0,13.277,13.277,13.2635,13.2635,0.0
1678754700000.0,13.277,13.277,13.277,13.277,0.0
1678754400000.0,13.282499999999999,13.288,13.277,13.277,0.496852
1678754100000.0,13.288,13.288,13.282499999999999,13.282499999999999,0.0
1678753800000.0,13.296,13.304,13.288,13.288,0.018443
1678753500000.0,13.3235,13.349,13.292,13.296,0.376945
1678753200000.0,13.349,13.349,13.3265,13.3265,0.0
1678752900000.0,13.3025,13.349,13.256,13.349,0.588375
1678752600000.0,13.256,13.3025,13.256,13.3025,0.0
1678752300000.0,13.256,13.256,13.256,13.256,0.0
1678752000000.0,13.228000000000002,13.256,13.2,13.256,0.187842
1678751700000.0,13.2,13.228,13.2,13.228,0.0
1678751400000.0,13.2,13.2,13.2,13.2,0.0
1678751100000.0,13.221499999999999,13.244,13.2,13.2,0.103655
1678750800000.0,13.242,13.242,13.221,13.221,0.0
1678750500000.0,13.180250000000001,13.259,13.11,13.242,18.069682
1678750200000.0,13.1155,13.176,13.11,13.176,0.075472
1678749900000.0,13.09725,13.121,13.067,13.1155,0.163441
1678749600000.0,13.1645,13.249,13.08,13.1005,21.186374
1678749300000.0,13.249,13.249,13.1645,13.1645,0.0
1678749000000.0,13.2305,13.249,13.212,13.249,18.0
1678748700000.0,13.245999999999999,13.28,13.212,13.2305,20.0
1678748400000.0,13.28,13.28,13.245999999999999,13.245999999999999,0.0
1678748100000.0,13.3205,13.361,13.28,13.28,373.829183
1678747800000.0,13.361,13.361,13.3205,13.3205,0.0
1678747500000.0,13.3705,13.38,13.361,13.361,0.003556
1678747200000.0,13.38,13.38,13.3705,13.3705,0.0
1678746900000.0,13.3765,13.38,13.369,13.38,0.119749
1678746600000.0,13.382000000000001,13.387,13.377,13.3785,0.017347
1678746300000.0,13.387,13.387,13.382000000000001,13.382000000000001,0.0
1678746000000.0,13.32,13.387,13.253,13.387,0.003834
1678745700000.0,13.253,13.32,13.253,13.32,0.0
1678745400000.0,13.253,13.253,13.253,13.253,0.0
1678745100000.0,13.253,13.253,13.253,13.253,0.0
1678744800000.0,13.253,13.253,13.253,13.253,0.0
1678744500000.0,13.2605,13.27,13.249,13.253,0.021199
1678744200000.0,13.27,13.27,13.2615,13.2615,0.0
1678743900000.0,13.27,13.27,13.27,13.27,0.0
1678743600000.0,13.27,13.27,13.27,13.27,0.0
1678743300000.0,13.285,13.3,13.27,13.27,0.006084
1678743000000.0,13.3045,13.309,13.285,13.285,0.019725
1678742700000.0,13.2935,13.309,13.278,13.3045,0.126104
1678742400000.0,13.275500000000001,13.2935,13.273,13.2935,0.126544
1678742100000.0,13.273,13.275500000000001,13.273,13.275500000000001,0.0
1678741800000.0,13.273,13.273,13.273,13.273,0.0
1678741500000.0,13.273,13.273,13.273,13.273,0.0
1678741200000.0,13.273,13.273,13.273,13.273,0.0
1678740900000.0,13.26,13.273,13.247,13.273,0.003351
1678740600000.0,13.247,13.26,13.247,13.26,0.0
1678740300000.0,13.247,13.247,13.247,13.247,0.0
1678740000000.0,13.247,13.247,13.247,13.247,0.0
1678739700000.0,13.223500000000001,13.247,13.2,13.247,0.033696
1678739400000.0,13.2,13.2235,13.2,13.2235,0.0
1678739100000.0,13.200500000000002,13.21,13.182,13.2,18.172529
1678738800000.0,13.225249999999999,13.245,13.201,13.205,0.00755
1678738500000.0,13.245,13.245,13.2275,13.2275,0.0
1678738200000.0,13.245,13.245,13.245,13.245,0.0
1678737900000.0,13.245,13.245,13.245,13.245,0.0
1678737600000.0,13.245,13.245,13.245,13.245,0.0
1678737300000.0,13.245,13.245,13.245,13.245,0.0
1678737000000.0,13.245,13.245,13.245,13.245,0.0
1678736700000.0,13.2365,13.245,13.228,13.245,0.092552
1678736400000.0,13.228,13.2365,13.228,13.2365,0.0
1678736100000.0,13.2255,13.228,13.223,13.228,0.072643
1678735800000.0,13.219000000000001,13.2255,13.215,13.2255,0.008638
1678735500000.0,13.247499999999999,13.28,13.215,13.219000000000001,0.941164
1678735200000.0,13.28,13.28,13.247499999999999,13.247499999999999,0.0
1678734900000.0,13.28,13.28,13.28,13.28,0.0
1678734600000.0,13.28,13.28,13.28,13.28,0.0
1678734300000.0,13.28,13.28,13.28,13.28,0.0
1678734000000.0,13.28,13.28,13.28,13.28,0.0
1678733700000.0,13.28,13.28,13.28,13.28,0.0
1678733400000.0,13.280999999999999,13.282,13.28,13.28,18.0
1678733100000.0,13.282,13.282,13.280999999999999,13.280999999999999,0.0
1678732800000.0,13.282,13.282,13.282,13.282,0.0
1678732500000.0,13.287499999999998,13.296,13.282,13.282,0.576022
1678732200000.0,13.29,13.29,13.286,13.286,0.0
1678731900000.0,13.215,13.29,13.14,13.29,0.851059
1678731600000.0,13.14,13.215,13.14,13.215,0.0
1678731300000.0,13.14,13.14,13.14,13.14,0.0
1678731000000.0,13.14,13.14,13.14,13.14,0.0
1678730700000.0,13.1455,13.151,13.14,13.14,0.080742
1678730400000.0,13.151,13.151,13.1455,13.1455,0.0
1678730100000.0,13.151,13.151,13.151,13.151,0.0
1678729800000.0,13.151,13.151,13.151,13.151,0.0
1678729500000.0,13.151,13.151,13.151,13.151,0.0
1678729200000.0,13.236999999999998,13.323,13.151,13.151,0.03817
1678728900000.0,13.311499999999999,13.323,13.237,13.237,0.098023
1678728600000.0,13.3,13.3115,13.3,13.3115,0.0
1678728300000.0,13.31975,13.343,13.293,13.3,0.296538
1678728000000.0,13.2765,13.343,13.21,13.3215,0.005581
1678727700000.0,13.21,13.2765,13.21,13.2765,0.0
1678727400000.0,13.21,13.21,13.21,13.21,0.0
1678727100000.0,13.2385,13.267,13.21,13.21,3.898962
1678726800000.0,13.248,13.267,13.229,13.2385,0.239618
1678726500000.0,13.229,13.248,13.229,13.248,0.0
1678726200000.0,13.229,13.229,13.229,13.229,0.0
1678725900000.0,13.229,13.229,13.229,13.229,0.0
1678725600000.0,13.229,13.229,13.229,13.229,0.0
1678725300000.0,13.2865,13.344,13.229,13.229,0.106199
1678725000000.0,13.352,13.36,13.2865,13.2865,2.917229
1678724700000.0,13.425,13.49,13.352,13.352,0.681688
1678724400000.0,13.49,13.49,13.425,13.425,0.0
1678724100000.0,13.4485,13.49,13.407,13.49,0.003674
1678723800000.0,13.407,13.4485,13.407,13.4485,0.0
1678723500000.0,13.381499999999999,13.407,13.352,13.407,3.328594
1678723200000.0,13.3565,13.3835,13.353,13.3835,0.186385
1678722900000.0,13.384500000000001,13.416,13.353,13.3565,1.65284
1678722600000.0,13.416,13.416,13.3845,13.3845,0.0
1678722300000.0,13.416999999999998,13.418,13.416,13.416,0.397965
1678722000000.0,13.436,13.454,13.417,13.417,3.279436
1678721700000.0,13.4715,13.489,13.436,13.436,28.116348
1678721400000.0,13.565750000000001,13.662,13.4715,13.4715,3.165573
1678721100000.0,13.62025,13.626,13.556000000000001,13.556000000000001,0.654936
1678720800000.0,13.591999999999999,13.626,13.558,13.6245,0.846938
1678720500000.0,13.56875,13.592,13.533,13.591999999999999,30.191908
1678720200000.0,13.581,13.592,13.57,13.575,0.460525
1678719900000.0,13.492999999999999,13.581,13.416,13.581,5.994405
1678719600000.0,13.396500000000001,13.493,13.377,13.493,0.400758
1678719300000.0,13.351500000000001,13.3965,13.326,13.3965,0.460525
1678719000000.0,13.326,13.351500000000001,13.326,13.351500000000001,0.0
1678718700000.0,13.326,13.326,13.326,13.326,0.0
1678718400000.0,13.286000000000001,13.326,13.246,13.326,0.094845
1678718100000.0,13.246,13.286000000000001,13.246,13.286000000000001,0.0
1678717800000.0,13.284,13.322,13.246,13.246,6.177678
1678717500000.0,13.284,13.322,13.246,13.283999999999999,3.357899
1678717200000.0,13.149000000000001,13.283999999999999,13.052,13.283999999999999,18.288539
1678716900000.0,13.052,13.149000000000001,13.052,13.149000000000001,3.191111
1678716600000.0,13.0135,13.052,12.975,13.052,3.392269
1678716300000.0,12.913,13.0135,12.851,13.0135,12.0
1678716000000.0,12.7965,12.913,12.738,12.913,0.224223
1678715700000.0,12.738,12.7945,12.738,12.7945,0.0
1678715400000.0,12.738,12.738,12.738,12.738,0.0
1678715100000.0,12.738,12.738,12.738,12.738,0.0
1678714800000.0,12.721499999999999,12.738,12.705,12.738,0.055404
1678714500000.0,12.782,12.859,12.705,12.721499999999999,0.002719
1678714200000.0,12.859,12.859,12.782,12.782,0.0
1678713900000.0,12.859,12.859,12.859,12.859,0.0
1678713600000.0,12.8335,12.859,12.808,12.859,3.241255
1678713300000.0,12.6875,12.8335,12.567,12.8335,3.491964
1678713000000.0,12.567,12.6875,12.567,12.6875,0.0
1678712700000.0,12.567,12.567,12.567,12.567,0.0
1678712400000.0,12.567,12.567,12.567,12.567,0.0
1678712100000.0,12.567,12.567,12.567,12.567,0.0
1678711800000.0,12.567,12.567,12.567,12.567,0.0
1678711500000.0,12.610000000000001,12.66,12.567,12.567,7.282038
1678711200000.0,12.669,12.692,12.6065,12.6065,0.020042
1678710900000.0,12.692,12.692,12.669,12.669,0.0
1678710600000.0,12.686,12.73,12.661,12.692,0.617849
1678710300000.0,12.658,12.6765,12.655,12.6765,0.373498
1678710000000.0,12.655,12.658,12.655,12.658,0.0
1678709700000.0,12.678,12.701,12.655,12.655,0.003348
1678709400000.0,12.722999999999999,12.745,12.678,12.678,0.412944
1678709100000.0,12.7525,12.76,12.722999999999999,12.722999999999999,0.029858
1678708800000.0,12.76,12.76,12.7525,12.7525,0.0
1678708500000.0,12.76,12.76,12.76,12.76,0.0
1678708200000.0,12.76,12.76,12.76,12.76,0.0
1678707900000.0,12.783999999999999,12.808,12.76,12.76,2.976521
1678707600000.0,12.8215,12.835,12.783999999999999,12.783999999999999,3.506306
1678707300000.0,12.853000000000002,12.871,12.8215,12.8215,0.408633
1678707000000.0,12.871,12.871,12.853000000000002,12.853000000000002,0.0
1678706700000.0,12.891,12.915,12.863,12.871,0.511119
1678706400000.0,12.915,12.915,12.893,12.893,0.0
1678706100000.0,12.915,12.915,12.915,12.915,0.0
1678705800000.0,12.936499999999999,12.958,12.915,12.915,0.036728
1678705500000.0,12.958,12.958,12.936499999999999,12.936499999999999,0.0
1678705200000.0,12.954,12.958,12.95,12.958,0.394
1678704900000.0,12.95,12.954,12.95,12.954,0.0
1678704600000.0,12.95,12.95,12.95,12.95,0.0
1678704300000.0,12.95,12.95,12.95,12.95,0.0
1678704000000.0,12.95,12.95,12.95,12.95,0.0
1678703700000.0,12.954,12.958,12.95,12.95,0.564879
1678703400000.0,12.958,12.958,12.954,12.954,0.0
1678703100000.0,12.902000000000001,12.958,12.846,12.958,0.023669
1678702800000.0,12.846,12.902000000000001,12.846,12.902000000000001,0.0
1678702500000.0,12.846,12.846,12.846,12.846,0.0
1678702200000.0,12.846,12.846,12.846,12.846,0.0
1678701900000.0,12.846,12.846,12.846,12.846,0.0
1678701600000.0,12.89875,12.952,12.845,12.846,0.349937
1678701300000.0,12.952,12.952,12.899000000000001,12.899000000000001,0.0
1678701000000.0,12.952,12.952,12.952,12.952,0.0
1678700700000.0,12.952,12.952,12.952,12.952,0.0
1678700400000.0,12.952,12.952,12.952,12.952,0.0
1678700100000.0,12.952,12.952,12.952,12.952,2.780479
1678699800000.0,12.96,12.968,12.952,12.952,0.201557
1678699500000.0,12.988,13.008,12.96,12.96,0.404442
1678699200000.0,13.029249999999998,13.062,12.988,12.988,3.734168
1678698900000.0,13.039,13.039,13.023499999999999,13.023499999999999,0.0
1678698600000.0,13.039,13.039,13.039,13.039,0.0
1678698300000.0,13.039,13.039,13.039,13.039,0.0
1678698000000.0,13.039,13.039,13.039,13.039,0.0
1678697700000.0,13.0395,13.04,13.039,13.039,0.023315
1678697400000.0,13.047999999999998,13.056,13.0395,13.0395,36.135171
1678697100000.0,13.111,13.166,13.047999999999998,13.047999999999998,3.132
1678696800000.0,13.166,13.166,13.111,13.111,0.0
1678696500000.0,13.15,13.166,13.134,13.166,2.318
1678696200000.0,13.134,13.15,13.134,13.15,0.0
1678695900000.0,13.156,13.178,13.134,13.134,0.009582
1678695600000.0,13.178,13.178,13.156,13.156,0.0
1678695300000.0,13.214500000000001,13.251,13.178,13.178,0.004029
1678695000000.0,13.251,13.251,13.214500000000001,13.214500000000001,0.0
1678694700000.0,13.251,13.251,13.251,13.251,0.0
1678694400000.0,13.248,13.251,13.245,13.251,0.188664
1678694100000.0,13.245,13.248,13.245,13.248,0.0
1678693800000.0,13.245,13.245,13.245,13.245,0.0
1678693500000.0,13.245,13.245,13.245,13.245,0.0
1678693200000.0,13.24625,13.26,13.24,13.245,4.789355
1678692900000.0,13.24,13.2425,13.24,13.2425,0.0
1678692600000.0,13.24,13.24,13.24,13.24,0.0
1678692300000.0,13.254000000000001,13.268,13.24,13.24,0.112663
1678692000000.0,13.268,13.268,13.254000000000001,13.254000000000001,0.0
1678691700000.0,13.2625,13.268,13.257,13.268,0.00938
1678691400000.0,13.257,13.2625,13.257,13.2625,0.0
1678691100000.0,13.257,13.257,13.257,13.257,0.0
1678690800000.0,13.224499999999999,13.257,13.192,13.257,0.017484
1678690500000.0,13.192,13.224499999999999,13.192,13.224499999999999,0.0
1678690200000.0,13.191500000000001,13.192,13.191,13.192,0.002967
1678689900000.0,13.191,13.191500000000001,13.191,13.191500000000001,0.0
1678689600000.0,13.191,13.191,13.191,13.191,0.0
1678689300000.0,13.191,13.191,13.191,13.191,0.0
1678689000000.0,13.225000000000001,13.259,13.191,13.191,0.030022
1678688700000.0,13.259,13.259,13.225000000000001,13.225000000000001,0.0
1678688400000.0,13.259,13.259,13.259,13.259,0.0
1678688100000.0,13.259,13.259,13.259,13.259,0.0
1678687800000.0,13.259,13.259,13.259,13.259,0.0
1678687500000.0,13.2695,13.28,13.259,13.259,0.12556
1678687200000.0,13.28,13.28,13.2695,13.2695,0.0
1678686900000.0,13.28,13.28,13.28,13.28,0.0
1678686600000.0,13.28,13.28,13.28,13.28,0.0
1678686300000.0,13.2525,13.28,13.225,13.28,12.0
1678686000000.0,13.225,13.2525,13.225,13.2525,0.0
1678685700000.0,13.2425,13.26,13.225,13.225,0.368278
1678685400000.0,13.26,13.26,13.2425,13.2425,0.0
1678685100000.0,13.269,13.278,13.26,13.26,1.826
1678684800000.0,13.278,13.278,13.269,13.269,0.0
1678684500000.0,13.261750000000003,13.291,13.239,13.278,2.441511
1678684200000.0,13.239,13.258500000000002,13.239,13.258500000000002,0.0
1678683900000.0,13.239,13.239,13.239,13.239,0.0
1678683600000.0,13.239,13.239,13.239,13.239,0.0
1678683300000.0,13.278500000000001,13.318,13.239,13.239,0.009338
1678683000000.0,13.318,13.318,13.278500000000001,13.278500000000001,0.0
1678682700000.0,13.2985,13.318,13.279,13.318,18.002087
1678682400000.0,13.273,13.2985,13.267,13.2985,0.005772
1678682100000.0,13.313499999999998,13.36,13.267,13.273,0.109915
1678681800000.0,13.36,13.36,13.3135,13.3135,0.0
1678681500000.0,13.319499999999998,13.36,13.279,13.36,0.068969
1678681200000.0,13.264999999999999,13.3195,13.251,13.3195,0.003119
1678680900000.0,13.251,13.265,13.251,13.265,0.0
1678680600000.0,13.251,13.251,13.251,13.251,0.0
1678680300000.0,13.154499999999999,13.251,13.058,13.251,0.003366
1678680000000.0,13.058,13.154499999999999,13.058,13.154499999999999,0.0
1678679700000.0,13.058,13.058,13.058,13.058,0.0
1678679400000.0,13.1175,13.177,13.058,13.058,16.0
1678679100000.0,13.139500000000002,13.177,13.102,13.1175,0.115365
1678678800000.0,13.102,13.1395,13.102,13.1395,0.0
1678678500000.0,13.102,13.102,13.102,13.102,0.0
1678678200000.0,13.102,13.102,13.102,13.102,0.0
1678677900000.0,13.156000000000002,13.21,13.102,13.102,0.240191
1678677600000.0,13.21,13.21,13.156,13.156,0.0
1678677300000.0,13.242,13.274,13.21,13.21,0.400758
1678677000000.0,13.274,13.274,13.242,13.242,0.0
1678676700000.0,13.254999999999999,13.274,13.236,13.274,0.004286
1678676400000.0,13.236,13.254999999999999,13.236,13.254999999999999,0.0
1678676100000.0,13.236,13.236,13.236,13.236,0.0
1678675800000.0,13.248000000000001,13.26,13.236,13.236,0.396253
1678675500000.0,13.27675,13.327,13.248000000000001,13.248000000000001,0.032426
1678675200000.0,13.26,13.26,13.26,13.26,0.0
1678674900000.0,13.26,13.26,13.26,13.26,0.0
1678674600000.0,13.254,13.26,13.248,13.26,0.743698
1678674300000.0,13.314,13.38,13.248,13.254,0.006272
1678674000000.0,13.38,13.38,13.314,13.314,0.0
1678673700000.0,13.380250000000002,13.381,13.38,13.38,0.12392
1678673400000.0,13.38,13.38,13.38,13.38,0.0
1678673100000.0,13.38,13.38,13.38,13.38,0.0
1678672800000.0,13.39,13.4,13.38,13.38,0.184981
1678672500000.0,13.4,13.4,13.39,13.39,0.0
1678672200000.0,13.4,13.4,13.4,13.4,0.0
1678671900000.0,13.4,13.4,13.4,13.4,0.0
1678671600000.0,13.4,13.4,13.4,13.4,0.0
1678671300000.0,13.4,13.4,13.4,13.4,0.0
1678671000000.0,13.4,13.4,13.4,13.4,0.314013
1678670700000.0,13.394,13.4,13.388,13.4,0.004354
1678670400000.0,13.3505,13.394,13.313,13.394,0.010715
1678670100000.0,13.313,13.3505,13.313,13.3505,0.0
1678669800000.0,13.313,13.313,13.313,13.313,0.0
1678669500000.0,13.3755,13.438,13.313,13.313,0.007295
1678669200000.0,13.428,13.442,13.3755,13.3755,0.501142
1678668900000.0,13.392999999999999,13.427,13.37,13.427,0.400758
1678668600000.0,13.37,13.393,13.37,13.393,0.0
1678668300000.0,13.37,13.37,13.37,13.37,1.434624
1678668000000.0,13.37,13.37,13.37,13.37,0.0
1678667700000.0,13.37,13.37,13.37,13.37,0.459597
1678667400000.0,13.308499999999999,13.37,13.247,13.37,1.043585
1678667100000.0,13.247,13.308499999999999,13.247,13.308499999999999,2.759289
1678666800000.0,13.247,13.247,13.247,13.247,0.0
1678666500000.0,13.247,13.247,13.247,13.247,0.0
1678666200000.0,13.247,13.247,13.247,13.247,0.02404
1678665900000.0,13.247,13.247,13.247,13.247,0.0
1678665600000.0,13.1995,13.247,13.152,13.247,0.187218
1678665300000.0,13.152,13.1995,13.152,13.1995,0.0
1678665000000.0,13.152,13.152,13.152,13.152,0.0
1678664700000.0,13.1995,13.247,13.152,13.152,0.236422
1678664400000.0,13.247,13.247,13.1995,13.1995,0.0
1678664100000.0,13.192499999999999,13.247,13.138,13.247,3.121826
1678663800000.0,13.11,13.192499999999999,13.082,13.192499999999999,0.210947
1678663500000.0,13.082,13.11,13.082,13.11,0.0
1678663200000.0,13.082,13.082,13.082,13.082,0.0
1678662900000.0,13.11525,13.164,13.082,13.082,0.036292
1678662600000.0,13.12875,13.14,13.1075,13.1075,0.567472
1678662300000.0,13.146500000000001,13.172,13.121,13.126999999999999,0.006883
1678662000000.0,13.172,13.172,13.1465,13.1465,0.0
1678661700000.0,13.172,13.172,13.172,13.172,0.029422
1678661400000.0,13.172,13.172,13.172,13.172,0.0
1678661100000.0,13.172,13.172,13.172,13.172,0.0
1678660800000.0,13.172,13.172,13.172,13.172,0.0
1678660500000.0,13.172,13.172,13.172,13.172,0.850868
1678660200000.0,13.112,13.172,13.052,13.172,0.035158
1678659900000.0,13.052,13.112,13.052,13.112,0.0
1678659600000.0,13.0105,13.052,12.969,13.052,3.193523
1678659300000.0,12.9815,13.0105,12.969,13.0105,0.472353
1678659000000.0,12.994,12.994,12.9815,12.9815,0.0
1678658700000.0,12.994,12.994,12.994,12.994,0.0
1678658400000.0,12.994,12.994,12.994,12.994,0.0
1678658100000.0,12.994,12.994,12.994,12.994,0.0
1678657800000.0,12.994,12.994,12.994,12.994,0.0
1678657500000.0,12.994,12.994,12.994,12.994,0.0
1678657200000.0,12.994,12.994,12.994,12.994,0.0
1678656900000.0,12.994,12.994,12.994,12.994,0.0
1678656600000.0,12.909500000000001,12.994,12.825,12.994,4.225285
1678656300000.0,12.8165,12.9095,12.808,12.9095,0.01949
1678656000000.0,12.85,12.892,12.808,12.8165,0.103747
1678655700000.0,12.884749999999999,12.892,12.85,12.85,0.056749
1678655400000.0,12.9505,13.019,12.882,12.887,0.007038
1678655100000.0,13.027,13.035,12.9505,12.9505,0.002399
1678654800000.0,13.0215,13.035,13.008,13.027000000000001,0.007256
1678654500000.0,13.008,13.0215,13.008,13.0215,0.0
1678654200000.0,13.008,13.008,13.008,13.008,0.0
1678653900000.0,13.008,13.008,13.008,13.008,0.0
1678653600000.0,13.002999999999998,13.008,12.998,13.008,0.413336
1678653300000.0,12.998,13.003,12.998,13.003,0.0
1678653000000.0,12.834,12.998,12.67,12.998,0.061532
1678652700000.0,12.757749999999998,12.986,12.398,12.834,133.585339
1678652400000.0,12.9485,12.977,12.8235,12.8235,123.118616
1678652100000.0,12.92,12.9485,12.92,12.9485,0.0
1678651800000.0,12.895,12.92,12.87,12.92,0.005853
1678651500000.0,12.87,12.895,12.87,12.895,0.095903
1678651200000.0,12.87,12.87,12.87,12.87,0.0
1678650900000.0,12.911499999999998,12.953,12.87,12.87,0.20487
1678650600000.0,12.953,12.953,12.9115,12.9115,0.0
1678650300000.0,12.953,12.953,12.953,12.953,0.0
1678650000000.0,12.953,12.953,12.953,12.953,0.0
1678649700000.0,12.953,12.953,12.953,12.953,0.0
1678649400000.0,12.93525,12.953,12.913,12.953,0.230965
1678649100000.0,12.7835,12.9375,12.645,12.9375,0.015154
1678648800000.0,12.773499999999999,12.902,12.645,12.7835,0.116253
1678648500000.0,12.9385,12.975,12.773499999999999,12.773499999999999,0.142754
1678648200000.0,12.975,12.975,12.9385,12.9385,0.0
1678647900000.0,12.917,12.975,12.859,12.975,0.154188
1678647600000.0,12.859,12.917,12.859,12.917,0.0
1678647300000.0,12.859,12.859,12.859,12.859,0.0
1678647000000.0,12.859,12.859,12.859,12.859,0.0
1678646700000.0,12.859,12.859,12.859,12.859,0.0
1678646400000.0,12.8335,12.859,12.808,12.859,3.036092
1678646100000.0,12.796499999999998,12.8335,12.785,12.8335,0.419793
1678645800000.0,12.7645,12.7965,12.704,12.7965,3.317558
1678645500000.0,12.7845,12.785,12.784,12.784500000000001,0.018341
1678645200000.0,12.76775,12.785,12.733,12.784500000000001,0.220437
1678644900000.0,12.768,12.7765,12.768,12.7765,0.0
1678644600000.0,12.768,12.768,12.768,12.768,0.0
1678644300000.0,12.768,12.768,12.768,12.768,0.0
1678644000000.0,12.768,12.768,12.768,12.768,0.0
1678643700000.0,12.718499999999999,12.768,12.669,12.768,4.312617
1678643400000.0,12.632000000000001,12.7185,12.595,12.7185,3.704008
1678643100000.0,12.595,12.632000000000001,12.595,12.632000000000001,0.0
1678642800000.0,12.595,12.595,12.595,12.595,0.0
1678642500000.0,12.595,12.595,12.595,12.595,0.0
1678642200000.0,12.595500000000001,12.596,12.595,12.595,0.079755
1678641900000.0,12.528500000000001,12.596,12.461,12.595500000000001,0.016724
1678641600000.0,12.461,12.528500000000001,12.461,12.528500000000001,0.0
1678641300000.0,12.489249999999998,12.529,12.461,12.461,0.898081
1678641000000.0,12.503499999999999,12.556,12.476,12.4835,0.005152
1678640700000.0,12.4655,12.516,12.435,12.491,0.336093
1678640400000.0,12.435,12.4555,12.435,12.4555,0.0
1678640100000.0,12.387,12.437,12.338,12.435,0.038417
1678639800000.0,12.338,12.3865,12.338,12.3865,0.0
1678639500000.0,12.3425,12.347,12.338,12.338,0.002153
1678639200000.0,12.371500000000001,12.396,12.3425,12.3425,0.282
1678638900000.0,12.407,12.422,12.371500000000001,12.371500000000001,0.038459
1678638600000.0,12.422999999999998,12.424,12.409,12.409,0.684179
1678638300000.0,12.377500000000001,12.424,12.331,12.423,0.062362
1678638000000.0,12.331,12.3775,12.331,12.3775,0.0
1678637700000.0,12.331,12.331,12.331,12.331,0.0
1678637400000.0,12.374500000000001,12.418,12.331,12.331,207.652999
1678637100000.0,12.532,12.646,12.3745,12.3745,7.163844
1678636800000.0,12.646,12.646,12.532,12.532,0.199266
1678636500000.0,12.646,12.646,12.646,12.646,0.121026
1678636200000.0,12.646,12.646,12.646,12.646,0.0
1678635900000.0,12.646,12.646,12.646,12.646,0.013372
1678635600000.0,12.646,12.646,12.646,12.646,0.0
1678635300000.0,12.646,12.646,12.646,12.646,0.0
1678635000000.0,12.646,12.646,12.646,12.646,0.337876
1678634700000.0,12.645499999999998,12.646,12.645,12.646,0.023647
1678634400000.0,12.645,12.6455,12.645,12.6455,0.147214
1678634100000.0,12.645,12.645,12.645,12.645,0.0
1678633800000.0,12.751999999999999,12.859,12.645,12.645,0.017152
1678633500000.0,12.859,12.859,12.751999999999999,12.751999999999999,0.0
1678633200000.0,12.85125,12.859,12.828,12.859,0.187133
1678632900000.0,12.859,12.859,12.859,12.859,0.0
1678632600000.0,12.859,12.859,12.859,12.859,0.0
1678632300000.0,12.859,12.859,12.859,12.859,0.0
1678632000000.0,12.859,12.859,12.859,12.859,0.0
1678631700000.0,12.845749999999999,12.859,12.806,12.859,0.004465
1678631400000.0,12.77075,12.859,12.645,12.859,0.593779
1678631100000.0,12.72,12.7895,12.72,12.7895,0.0
1678630800000.0,12.682500000000001,12.72,12.645,12.72,0.010652
1678630500000.0,12.810500000000001,12.976,12.645,12.682500000000001,0.135445
1678630200000.0,12.976,12.976,12.810500000000001,12.810500000000001,0.0
1678629900000.0,12.976,12.976,12.976,12.976,0.0
1678629600000.0,12.810500000000001,12.976,12.645,12.976,0.026973
1678629300000.0,12.645,12.810500000000001,12.645,12.810500000000001,0.0
1678629000000.0,12.645,12.645,12.645,12.645,0.0
1678628700000.0,12.645,12.645,12.645,12.645,0.008841
1678628400000.0,12.645,12.645,12.645,12.645,0.407301
1678628100000.0,12.645499999999998,12.647,12.645,12.645,0.04044
1678627800000.0,12.645,12.645,12.645,12.645,0.0
1678627500000.0,12.810500000000001,12.976,12.645,12.645,0.075391
1678627200000.0,12.717500000000001,12.976,12.459,12.810500000000001,7.603687
1678626900000.0,12.459,12.717500000000001,12.459,12.717500000000001,0.0
1678626600000.0,12.459,12.459,12.459,12.459,0.0
1678626300000.0,12.459,12.459,12.459,12.459,0.023909
1678626000000.0,12.459,12.459,12.459,12.459,0.0
1678625700000.0,12.459,12.459,12.459,12.459,0.0
1678625400000.0,12.459,12.459,12.459,12.459,0.0
1678625100000.0,12.459,12.459,12.459,12.459,0.0
1678624800000.0,12.459,12.459,12.459,12.459,0.074641
1678624500000.0,12.459,12.459,12.459,12.459,0.0
1678624200000.0,12.459,12.459,12.459,12.459,0.022105
1678623900000.0,12.459,12.459,12.459,12.459,0.016284
1678623600000.0,12.459,12.459,12.459,12.459,0.0
1678623300000.0,12.459,12.459,12.459,12.459,0.0
1678623000000.0,12.459,12.459,12.459,12.459,0.026233
1678622700000.0,12.540500000000002,12.785,12.459,12.459,0.045932
1678622400000.0,12.622,12.785,12.459,12.459,0.19164
1678622100000.0,12.785,12.785,12.622,12.622,0.184564
1678621800000.0,12.785,12.785,12.785,12.785,0.0
1678621500000.0,12.785,12.785,12.785,12.785,0.0
1678621200000.0,12.785,12.785,12.785,12.785,0.0
1678620900000.0,12.785,12.785,12.785,12.785,0.334711
1678620600000.0,12.785,12.785,12.785,12.785,0.0
1678620300000.0,12.785,12.785,12.785,12.785,0.024222
1678620000000.0,12.7515,12.785,12.693,12.785,0.024419
1678619700000.0,12.600999999999999,12.764,12.459,12.764,0.003872
1678619400000.0,12.459,12.600999999999999,12.459,12.600999999999999,0.0
1678619100000.0,12.459,12.459,12.459,12.459,0.0
1678618800000.0,12.459,12.459,12.459,12.459,0.0
1678618500000.0,12.459,12.459,12.459,12.459,0.0
1678618200000.0,12.459,12.459,12.459,12.459,0.057085
1678617900000.0,12.459,12.459,12.459,12.459,0.0
1678617600000.0,12.612000000000002,12.765,12.459,12.459,0.10003
1678617300000.0,12.765,12.765,12.612,12.612,0.0
1678617000000.0,12.612000000000002,12.765,12.459,12.765,0.004982
1678616700000.0,12.52025,12.704,12.459,12.612,0.106618
1678616400000.0,12.459,12.459,12.459,12.459,0.0
1678616100000.0,12.459,12.459,12.459,12.459,0.0
1678615800000.0,12.459,12.459,12.459,12.459,0.0
1678615500000.0,12.499749999999999,12.622,12.459,12.459,0.038468
1678615200000.0,12.459,12.459,12.459,12.459,0.0
1678614900000.0,12.459,12.459,12.459,12.459,0.0
1678614600000.0,12.602250000000002,12.78,12.459,12.459,1.588795
1678614300000.0,12.711,12.711,12.585,12.585,0.0
1678614000000.0,12.711,12.711,12.711,12.711,0.0
1678613700000.0,12.711,12.711,12.711,12.711,0.0
1678613400000.0,12.7015,12.711,12.692,12.711,0.275213
1678613100000.0,12.697,12.702,12.692,12.7015,0.011397
1678612800000.0,12.702,12.702,12.697,12.697,0.0
1678612500000.0,12.702,12.702,12.702,12.702,0.0
1678612200000.0,12.702,12.702,12.702,12.702,0.0
1678611900000.0,12.678,12.702,12.654,12.702,0.075618
1678611600000.0,12.654,12.678,12.654,12.678,0.0
1678611300000.0,12.652999999999999,12.654,12.652,12.654,0.086983
1678611000000.0,12.652,12.652999999999999,12.652,12.652999999999999,0.0
1678610700000.0,12.652,12.652,12.652,12.652,0.0
1678610400000.0,12.646,12.652,12.64,12.652,0.002122
1678610100000.0,12.656500000000001,12.673,12.64,12.646,0.204444
1678609800000.0,12.682500000000001,12.692,12.656500000000001,12.656500000000001,0.375502
1678609500000.0,12.688500000000001,12.706,12.678,12.682500000000001,0.008339
1678609200000.0,12.678,12.685,12.678,12.685,0.0
1678608900000.0,12.6145,12.678,12.551,12.678,7.426876
1678608600000.0,12.551,12.6145,12.551,12.6145,0.0
1678608300000.0,12.551,12.551,12.551,12.551,0.0
1678608000000.0,12.514,12.551,12.477,12.551,0.202362
1678607700000.0,12.477,12.514,12.477,12.514,0.0
1678607400000.0,12.494500000000002,12.512,12.477,12.477,0.09259
1678607100000.0,12.512,12.512,12.4945,12.4945,0.0
1678606800000.0,12.5165,12.521,12.512,12.512,0.005477
1678606500000.0,12.528,12.535,12.5165,12.5165,0.21951
1678606200000.0,12.535,12.535,12.528,12.528,0.0
1678605900000.0,12.520249999999999,12.544,12.501,12.535,0.516152
1678605600000.0,12.501,12.518,12.501,12.518,0.0
1678605300000.0,12.501,12.501,12.501,12.501,0.0
1678605000000.0,12.501,12.501,12.501,12.501,0.0
1678604700000.0,12.501,12.501,12.501,12.501,0.0
1678604400000.0,12.531749999999999,12.596,12.434,12.501,0.190509
1678604100000.0,12.596,12.596,12.5485,12.5485,0.0
1678603800000.0,12.596,12.596,12.596,12.596,0.0
1678603500000.0,12.596,12.596,12.596,12.596,0.0
1678603200000.0,12.596,12.596,12.596,12.596,0.0
1678602900000.0,12.596,12.596,12.596,12.596,0.0
1678602600000.0,12.596,12.596,12.596,12.596,0.024949
1678602300000.0,12.5435,12.596,12.491,12.596,0.352199
1678602000000.0,12.491,12.5435,12.491,12.5435,0.0
1678601700000.0,12.491,12.491,12.491,12.491,0.0
1678601400000.0,12.491,12.491,12.491,12.491,0.0
1678601100000.0,12.491,12.491,12.491,12.491,0.0
1678600800000.0,12.487000000000002,12.491,12.483,12.491,0.038224
1678600500000.0,12.497,12.511,12.483,12.487,0.030808
1678600200000.0,12.511,12.511,12.497,12.497,0.0
1678599900000.0,12.511,12.511,12.511,12.511,0.0
1678599600000.0,12.5225,12.534,12.511,12.511,0.002669
1678599300000.0,12.534,12.534,12.5225,12.5225,0.0
1678599000000.0,12.527750000000001,12.553,12.512,12.534,0.331152
1678598700000.0,12.5415,12.571,12.512,12.523,0.606351
1678598400000.0,12.560500000000001,12.571,12.5415,12.5415,0.008052
1678598100000.0,12.5285,12.560500000000001,12.507,12.560500000000001,0.008468
1678597800000.0,12.4955,12.528500000000001,12.484,12.528500000000001,0.013075
1678597500000.0,12.484,12.4955,12.484,12.4955,0.0
1678597200000.0,12.451,12.484,12.418,12.484,1.377035
1678596900000.0,12.412499999999998,12.451,12.407,12.451,3.635163
1678596600000.0,12.401,12.4125,12.395,12.4125,7.194036
1678596300000.0,12.395,12.401,12.395,12.401,0.0
1678596000000.0,12.3535,12.395,12.312,12.395,0.033726
1678595700000.0,12.312,12.3535,12.312,12.3535,0.0
1678595400000.0,12.312,12.312,12.312,12.312,0.0
1678595100000.0,12.3355,12.359,12.312,12.312,0.028129
1678594800000.0,12.364,12.369,12.3355,12.3355,0.002695
1678594500000.0,12.346,12.369,12.323,12.364,0.003222
1678594200000.0,12.323,12.346,12.323,12.346,0.0
1678593900000.0,12.323,12.323,12.323,12.323,0.0
1678593600000.0,12.323,12.323,12.323,12.323,0.0
1678593300000.0,12.336500000000001,12.35,12.323,12.323,0.020682
1678593000000.0,12.3355,12.35,12.321,12.336500000000001,0.059219
1678592700000.0,12.321,12.3355,12.321,12.3355,0.0
1678592400000.0,12.321,12.321,12.321,12.321,0.0
1678592100000.0,12.3245,12.334,12.309,12.321,0.213555
1678591800000.0,12.3325,12.334,12.3275,12.3275,0.424005
1678591500000.0,12.318,12.3325,12.305,12.3325,0.012009
1678591200000.0,12.305,12.318,12.305,12.318,0.0
1678590900000.0,12.305,12.305,12.305,12.305,0.0
1678590600000.0,12.305,12.305,12.305,12.305,0.0
1678590300000.0,12.305,12.305,12.305,12.305,0.0
1678590000000.0,12.294999999999998,12.305,12.285,12.305,0.009002
1678589700000.0,12.2895,12.295,12.285,12.295,0.042476
1678589400000.0,12.303,12.312,12.2895,12.2895,0.006681
1678589100000.0,12.300999999999998,12.312,12.29,12.303,0.151857
1678588800000.0,12.29,12.300999999999998,12.29,12.300999999999998,0.0
1678588500000.0,12.259,12.29,12.228,12.29,0.104234
1678588200000.0,12.221,12.259,12.214,12.259,0.403286
1678587900000.0,12.213000000000001,12.232,12.203,12.221,0.017524
1678587600000.0,12.203,12.2085,12.203,12.2085,0.0
1678587300000.0,12.203,12.203,12.203,12.203,0.0
1678587000000.0,12.229500000000002,12.256,12.203,12.203,3.598046
1678586700000.0,12.256,12.256,12.2295,12.2295,0.0
1678586400000.0,12.256,12.256,12.256,12.256,0.0
1678586100000.0,12.256,12.256,12.256,12.256,0.0
1678585800000.0,12.256,12.256,12.256,12.256,0.0
1678585500000.0,12.256,12.256,12.256,12.256,0.0
1678585200000.0,12.256,12.256,12.256,12.256,0.0
1678584900000.0,12.311,12.366,12.256,12.256,0.004412
1678584600000.0,12.358,12.366,12.311,12.311,0.064408
1678584300000.0,12.36225,12.377,12.345,12.358,0.228329
1678584000000.0,12.377,12.377,12.3635,12.3635,0.0
1678583700000.0,12.377,12.377,12.377,12.377,0.0
1678583400000.0,12.4015,12.426,12.377,12.377,0.011694
1678583100000.0,12.37125,12.441,12.309,12.4015,3.4539
1678582800000.0,12.309,12.3675,12.309,12.3675,0.0
1678582500000.0,12.2655,12.309,12.222,12.309,0.003137
1678582200000.0,12.222,12.2655,12.222,12.2655,0.0
1678581900000.0,12.222,12.222,12.222,12.222,0.002634
1678581600000.0,12.2355,12.249,12.222,12.222,0.091996
1678581300000.0,12.249,12.249,12.2355,12.2355,0.0
1678581000000.0,12.249,12.249,12.249,12.249,0.0
1678580700000.0,12.2455,12.251,12.24,12.249,1.14446
1678580400000.0,12.242,12.2455,12.242,12.2455,0.0
1678580100000.0,12.242,12.242,12.242,12.242,0.0
1678579800000.0,12.326,12.41,12.242,12.242,1.92
1678579500000.0,12.41,12.41,12.326,12.326,0.0
1678579200000.0,12.4085,12.41,12.407,12.41,0.203055
1678578900000.0,12.383000000000001,12.4085,12.356,12.4085,1.265471
1678578600000.0,12.327,12.3845,12.292,12.3845,0.070454
1678578300000.0,12.292,12.327,12.292,12.327,0.0
1678578000000.0,12.292,12.292,12.292,12.292,0.0
1678577700000.0,12.301,12.317,12.278,12.292,1.15464
1678577400000.0,12.317,12.317,12.3045,12.3045,0.0
1678577100000.0,12.309000000000001,12.317,12.301,12.317,0.036485
1678576800000.0,12.255500000000001,12.309000000000001,12.21,12.309000000000001,3.384741
1678576500000.0,12.157500000000002,12.255500000000001,12.105,12.255500000000001,0.022939
1678576200000.0,12.105,12.1575,12.105,12.1575,0.0
1678575900000.0,12.105,12.105,12.105,12.105,0.0
1678575600000.0,12.105,12.105,12.105,12.105,0.0
1678575300000.0,12.105,12.105,12.105,12.105,0.0
1678575000000.0,12.105,12.105,12.105,12.105,0.0
1678574700000.0,12.105,12.105,12.105,12.105,0.0
1678574400000.0,12.0815,12.105,12.058,12.105,0.052641
1678574100000.0,12.058,12.0815,12.058,12.0815,0.0
1678573800000.0,12.049,12.058,12.04,12.058,0.090713
1678573500000.0,12.13825,12.298,12.04,12.049,0.055367
1678573200000.0,12.175,12.175,12.1075,12.1075,0.0
1678572900000.0,12.134,12.175,12.093,12.175,0.016043
1678572600000.0,12.093,12.134,12.093,12.134,0.0
1678572300000.0,12.093,12.093,12.093,12.093,0.0
1678572000000.0,12.093,12.093,12.093,12.093,0.0
1678571700000.0,12.093,12.093,12.093,12.093,0.0
1678571400000.0,12.093,12.093,12.093,12.093,0.0
1678571100000.0,12.16875,12.484,12.049,12.093,23.583718
1678570800000.0,12.049,12.071,12.049,12.071,0.0
1678570500000.0,12.024500000000002,12.069,11.99,12.049,0.238031
1678570200000.0,11.99,12.0195,11.99,12.0195,0.0
1678569900000.0,12.015,12.04,11.99,11.99,0.645381
1678569600000.0,12.04,12.04,12.015,12.015,0.0
1678569300000.0,12.11,12.18,12.04,12.04,0.128977
1678569000000.0,12.203,12.226,12.11,12.11,0.065543
1678568700000.0,12.221500000000002,12.227,12.203,12.203,0.098499
1678568400000.0,12.227,12.227,12.226500000000001,12.226500000000001,0.0
1678568100000.0,12.227,12.227,12.227,12.227,0.0
1678567800000.0,12.227,12.227,12.227,12.227,0.0
1678567500000.0,12.227,12.227,12.227,12.227,0.0
1678567200000.0,12.173,12.227,12.119,12.227,1.506225
1678566900000.0,12.1175,12.173,12.116,12.173,2.801996
1678566600000.0,12.078,12.1175,12.04,12.1175,0.330065
1678566300000.0,12.04,12.078,12.04,12.078,0.0
1678566000000.0,12.04,12.04,12.04,12.04,0.122684
1678565700000.0,11.933,12.04,11.826,12.04,0.002011
1678565400000.0,11.826,11.933,11.826,11.933,0.0
1678565100000.0,11.826,11.826,11.826,11.826,0.0
1678564800000.0,11.826,11.826,11.826,11.826,0.0
1678564500000.0,11.826,11.826,11.826,11.826,0.0
1678564200000.0,11.826,11.826,11.826,11.826,0.0
1678563900000.0,11.826,11.826,11.826,11.826,0.0
1678563600000.0,11.82,11.826,11.814,11.826,0.152354
1678563300000.0,11.814,11.82,11.814,11.82,0.0
1678563000000.0,11.965,12.116,11.814,11.814,0.583082
1678562700000.0,12.0415,12.116,11.965,11.965,0.004697
1678562400000.0,11.967,12.0415,11.967,12.0415,0.0
1678562100000.0,11.967,11.967,11.967,11.967,0.0
1678561800000.0,12.0415,12.116,11.967,11.967,0.515056
1678561500000.0,12.115,12.116,12.0415,12.0415,0.110262
1678561200000.0,12.116,12.116,12.116,12.116,0.0
1678560900000.0,12.116,12.116,12.116,12.116,0.0
1678560600000.0,12.0775,12.116,12.039,12.116,0.007833
1678560300000.0,12.039,12.0775,12.039,12.0775,0.0
1678560000000.0,12.039,12.039,12.039,12.039,0.0
1678559700000.0,12.039,12.039,12.039,12.039,0.0
1678559400000.0,12.018,12.039,11.997,12.039,0.343888
1678559100000.0,12.001999999999999,12.018,11.997,12.018,0.008339
1678558800000.0,12.007,12.007,12.001999999999999,12.001999999999999,0.0
1678558500000.0,12.0115,12.016,12.007,12.007,0.008061
1678558200000.0,12.0465,12.077,12.0115,12.0115,0.031994
1678557900000.0,12.077,12.077,12.0465,12.0465,0.0
1678557600000.0,12.01,12.077,11.943,12.077,1.407291
1678557300000.0,11.943,12.01,11.943,12.01,0.0
1678557000000.0,11.943,11.943,11.943,11.943,0.0
1678556700000.0,11.943,11.943,11.943,11.943,0.0
1678556400000.0,11.943,11.943,11.943,11.943,0.007519
1678556100000.0,11.9475,11.952,11.943,11.943,0.121562
1678555800000.0,11.961,11.97,11.9475,11.9475,0.235106
1678555500000.0,11.975249999999999,11.982,11.961,11.961,0.049022
1678555200000.0,12.0095,12.04,11.974499999999999,11.974499999999999,0.00648
1678554900000.0,11.992,12.04,11.944,12.0095,0.002085
1678554600000.0,11.964,11.992,11.944,11.992,0.122278
1678554300000.0,11.972999999999999,11.986,11.961,11.964,0.081068
1678554000000.0,11.941500000000001,11.9725,11.922,11.9725,3.493673
1678553700000.0,11.922,11.941500000000001,11.922,11.941500000000001,0.0
1678553400000.0,11.928999999999998,11.936,11.922,11.922,0.020974
1678553100000.0,11.936,11.936,11.929,11.929,0.0
1678552800000.0,11.936,11.936,11.936,11.936,0.0
1678552500000.0,11.936,11.936,11.936,11.936,0.0
1678552200000.0,11.902999999999999,11.936,11.87,11.936,0.299621
1678551900000.0,11.87,11.902999999999999,11.87,11.902999999999999,0.0
1678551600000.0,11.821000000000002,11.936,11.739,11.87,2.091388
1678551300000.0,11.739,11.8045,11.739,11.8045,0.0
1678551000000.0,11.72225,11.739,11.673,11.739,0.286344
1678550700000.0,11.928,12.118,11.738,11.7385,5.480858
1678550400000.0,12.118,12.118,11.928,11.928,0.0
1678550100000.0,12.118,12.118,12.118,12.118,0.014948
1678549800000.0,12.118,12.118,12.118,12.118,0.0
1678549500000.0,12.1125,12.118,12.098,12.118,0.599945
1678549200000.0,12.116,12.117,12.116,12.117,0.0
1678548900000.0,12.116,12.116,12.116,12.116,0.354093
1678548600000.0,12.078,12.116,12.04,12.116,0.988765
1678548300000.0,12.04,12.078,12.04,12.078,0.0
1678548000000.0,12.04,12.04,12.04,12.04,0.0
1678547700000.0,12.04,12.04,12.04,12.04,0.003423
1678547400000.0,12.04,12.04,12.04,12.04,0.0
1678547100000.0,12.04,12.04,12.04,12.04,0.0
1678546800000.0,11.943000000000001,12.04,11.846,12.04,0.02907
1678546500000.0,11.846,11.943,11.846,11.943,0.012535
1678546200000.0,11.846,11.846,11.846,11.846,0.0
1678545900000.0,11.846,11.846,11.846,11.846,0.0
1678545600000.0,11.846,11.846,11.846,11.846,0.002946
1678545300000.0,11.9345,12.023,11.846,11.846,8.749753
1678545000000.0,12.031499999999998,12.04,11.9345,11.9345,1.54832
1678544700000.0,12.0665,12.093,12.0315,12.0315,0.013839
1678544400000.0,12.191500000000001,12.29,12.0665,12.0665,0.862991
1678544100000.0,12.191500000000001,12.29,12.093,12.1915,0.292076
1678543800000.0,12.093,12.1915,12.093,12.1915,0.0
1678543500000.0,12.135750000000002,12.264,12.093,12.093,2.983057
1678543200000.0,12.106000000000002,12.143,12.093,12.093,0.086684
1678542900000.0,12.095500000000001,12.096,12.094000000000001,12.094000000000001,0.002136
1678542600000.0,12.229500000000002,12.363,12.095500000000001,12.095500000000001,3.020895
1678542300000.0,12.120500000000002,12.383,11.868,12.2295,283.558237
1678542000000.0,11.868,12.1155,11.868,12.1155,0.0
1678541700000.0,11.868,11.868,11.868,11.868,0.0
1678541400000.0,12.03425,12.207,11.855,11.868,1.819299
1678541100000.0,11.996500000000001,12.207,11.655,12.037500000000001,192.129845
1678540800000.0,11.917,12.062000000000001,11.917,12.062000000000001,0.0
1678540500000.0,11.917,11.917,11.917,11.917,0.0
1678540200000.0,11.917,11.917,11.917,11.917,0.0
1678539900000.0,11.917,11.917,11.917,11.917,0.0
1678539600000.0,11.9475,11.978,11.917,11.917,0.170215
1678539300000.0,11.978,11.978,11.9475,11.9475,0.0
1678539000000.0,12.102,12.226,11.978,11.978,0.029804
1678538700000.0,12.226,12.226,12.102,12.102,0.0
1678538400000.0,12.226,12.226,12.226,12.226,0.0
1678538100000.0,12.226,12.226,12.226,12.226,0.0
1678537800000.0,12.102,12.226,11.978,12.226,0.023168
1678537500000.0,11.978,12.102,11.978,12.102,0.0
1678537200000.0,11.978,11.978,11.978,11.978,0.0
1678536900000.0,11.978,11.978,11.978,11.978,0.0
1678536600000.0,11.98075,11.989,11.978,11.978,0.075102
1678536300000.0,11.978,11.978,11.978,11.978,0.022369
1678536000000.0,11.978,11.978,11.978,11.978,0.0
1678535700000.0,11.978,11.978,11.978,11.978,0.0
1678535400000.0,11.978,11.978,11.978,11.978,0.088391
1678535100000.0,11.978,11.978,11.978,11.978,0.0
1678534800000.0,11.978,11.978,11.978,11.978,0.24995
1678534500000.0,11.978,11.978,11.978,11.978,0.0
1678534200000.0,11.978,11.978,11.978,11.978,0.0
1678533900000.0,12.075000000000001,12.172,11.978,11.978,0.485401
1678533600000.0,12.075000000000001,12.172,11.978,12.075,0.005555
1678533300000.0,11.978,12.075,11.978,12.075,0.0
1678533000000.0,11.978,11.978,11.978,11.978,0.0
1678532700000.0,12.018500000000001,12.14,11.978,11.978,0.057755
1678532400000.0,11.978,11.978,11.978,11.978,0.0
1678532100000.0,11.978,11.978,11.978,11.978,0.0
1678531800000.0,11.978,11.978,11.978,11.978,0.0
1678531500000.0,12.008000000000001,12.098,11.978,11.978,77.547107
1678531200000.0,11.978,11.978,11.978,11.978,0.0
1678530900000.0,11.981,11.984,11.978,11.978,0.0309
1678530600000.0,11.9985,12.013,11.981,11.981,12.834088
1678530300000.0,12.12,12.227,11.9985,11.9985,0.028193
1678530000000.0,12.227,12.227,12.120000000000001,12.120000000000001,0.0
1678529700000.0,12.1035,12.227,11.98,12.227,0.151978
1678529400000.0,11.98,12.1035,11.98,12.1035,0.0
1678529100000.0,11.98,11.98,11.98,11.98,0.0
1678528800000.0,11.9795,11.98,11.979,11.98,0.104777
1678528500000.0,11.9785,11.9795,11.978,11.9795,0.025008
1678528200000.0,11.978,11.9785,11.978,11.9785,0.0
1678527900000.0,11.978,11.978,11.978,11.978,0.0
1678527600000.0,11.9785,11.979,11.978,11.978,0.25458
1678527300000.0,11.979,11.979,11.9785,11.9785,0.0
1678527000000.0,11.979,11.979,11.979,11.979,0.785984
1678526700000.0,12.103,12.227,11.979,11.979,0.034335
1678526400000.0,12.227,12.227,12.103,12.103,0.006383
1678526100000.0,12.108,12.227,11.989,12.227,0.144391
1678525800000.0,11.989,12.108,11.989,12.108,0.0
1678525500000.0,11.989,11.989,11.989,11.989,0.0
1678525200000.0,11.989,11.989,11.989,11.989,0.0
1678524900000.0,11.989,11.989,11.989,11.989,0.0
1678524600000.0,11.989,11.989,11.989,11.989,0.0
1678524300000.0,11.989,11.989,11.989,11.989,0.0
1678524000000.0,11.98775,11.989,11.984,11.989,0.238568
1678523700000.0,12.107500000000002,12.226,11.989,11.989,0.013
1678523400000.0,12.226,12.226,12.107500000000002,12.107500000000002,0.0
1678523100000.0,12.164000000000001,12.226,11.978,12.226,0.750404
1678522800000.0,12.226,12.226,12.226,12.226,0.0
1678522500000.0,12.226,12.226,12.226,12.226,0.0
1678522200000.0,12.226,12.226,12.226,12.226,0.009519
1678521900000.0,12.226,12.226,12.226,12.226,0.002727
1678521600000.0,12.226,12.226,12.226,12.226,0.847071
1678521300000.0,12.226,12.226,12.226,12.226,0.0
1678521000000.0,12.226,12.226,12.226,12.226,0.0
1678520700000.0,12.261500000000002,12.297,12.226,12.226,0.006129
1678520400000.0,12.297,12.297,12.261500000000002,12.261500000000002,0.0
1678520100000.0,12.285,12.41,12.023,12.297,8.304858
1678519800000.0,12.41,12.41,12.3535,12.3535,0.0
1678519500000.0,12.3065,12.41,12.203,12.41,0.064077
1678519200000.0,12.203,12.3065,12.203,12.3065,0.0
1678518900000.0,12.286999999999999,12.436,12.203,12.203,6.939276
1678518600000.0,12.306,12.306,12.2545,12.2545,0.0
1678518300000.0,12.306,12.306,12.306,12.306,0.0
1678518000000.0,12.306,12.306,12.306,12.306,0.0
1678517700000.0,12.34225,12.475,12.294,12.306,15.0
1678517400000.0,12.294,12.3,12.294,12.3,0.0
1678517100000.0,12.294,12.294,12.294,12.294,0.0
1678516800000.0,12.400500000000001,12.507,12.294,12.294,0.030711
1678516500000.0,12.507,12.507,12.400500000000001,12.400500000000001,0.0
1678516200000.0,12.517750000000001,12.531,12.502,12.507,0.345656
1678515900000.0,12.531,12.531,12.519,12.519,0.0
1678515600000.0,12.531,12.531,12.531,12.531,0.0
1678515300000.0,12.528,12.531,12.525,12.531,22.449102
1678515000000.0,12.525,12.528,12.525,12.528,0.0
1678514700000.0,12.5015,12.525,12.478,12.525,28.098
1678514400000.0,12.4585,12.5015,12.439,12.5015,0.010029
1678514100000.0,12.455,12.471,12.439,12.4585,0.006464
1678513800000.0,12.469000000000001,12.477,12.455,12.455,0.033018
1678513500000.0,12.445,12.467500000000001,12.426,12.467500000000001,0.033207
1678513200000.0,12.426,12.445,12.426,12.445,0.0
1678512900000.0,12.445,12.464,12.426,12.426,10.0
1678512600000.0,12.464,12.464,12.445,12.445,0.0
1678512300000.0,12.4365,12.464,12.409,12.464,0.037612
1678512000000.0,12.409,12.4365,12.409,12.4365,0.0
1678511700000.0,12.3465,12.409,12.284,12.409,0.018516
1678511400000.0,12.284,12.3465,12.284,12.3465,0.0
