1679116260000.0,81.2894,81.2894,81.2894,81.2894,0.0
1679116200000.0,81.2894,81.2894,81.2894,81.2894,0.02838
1679116140000.0,81.2894,81.2894,81.2894,81.2894,0.0
1679116080000.0,81.2894,81.2894,81.2894,81.2894,0.005234
1679116020000.0,81.2894,81.2894,81.2894,81.2894,0.002993
1679115960000.0,81.2894,81.2894,81.2894,81.2894,0.0
1679115900000.0,81.28970000000001,81.29,81.2894,81.2894,0.004217
1679115840000.0,81.29,81.29,81.28970000000001,81.28970000000001,0.0
1679115780000.0,81.29,81.29,81.29,81.29,0.0
1679115720000.0,81.29,81.29,81.29,81.29,0.0
1679115660000.0,81.29,81.29,81.29,81.29,0.0
1679115600000.0,81.29,81.29,81.29,81.29,0.0
1679115540000.0,81.29005000000001,81.2901,81.29,81.29,0.001316
1679115480000.0,81.2901,81.2901,81.29005000000001,81.29005000000001,0.0
1679115420000.0,81.2901,81.2901,81.2901,81.2901,0.0
1679115360000.0,81.2901,81.2901,81.2901,81.2901,0.0
1679115300000.0,81.2901,81.2901,81.2901,81.2901,0.0
1679115240000.0,81.28975,81.2901,81.2894,81.2901,0.001
1679115180000.0,81.2894,81.28975,81.2894,81.28975,0.0
1679115120000.0,81.2894,81.2894,81.2894,81.2894,0.005043
1679115060000.0,81.2894,81.2894,81.2894,81.2894,0.42148
1679115000000.0,81.3939,81.4984,81.2894,81.2894,0.006569
1679114940000.0,81.49835,81.4984,81.3939,81.3939,0.003597
1679114880000.0,81.4983,81.49835,81.4983,81.49835,0.0
1679114820000.0,81.4983,81.4983,81.4983,81.4983,0.0
1679114760000.0,81.4983,81.4983,81.4983,81.4983,0.0
1679114700000.0,81.4983,81.4983,81.4983,81.4983,0.0
1679114640000.0,81.4983,81.4983,81.4983,81.4983,0.0
1679114580000.0,81.4983,81.4983,81.4983,81.4983,1.12328
1679114520000.0,81.4983,81.4983,81.4983,81.4983,0.0
1679114460000.0,81.4983,81.4983,81.4983,81.4983,0.0
1679114400000.0,81.4983,81.4983,81.4983,81.4983,0.0
1679114340000.0,81.4983,81.4983,81.4983,81.4983,0.0
1679114280000.0,81.50025,81.5022,81.4983,81.4983,0.005661
1679114220000.0,81.5022,81.5022,81.50025,81.50025,0.0
1679114160000.0,81.50345,81.5047,81.5022,81.5022,0.040587
1679114100000.0,81.5015,81.5047,81.4983,81.50345,0.001093
1679114040000.0,81.4983,81.5015,81.4983,81.5015,0.0
1679113980000.0,81.4983,81.4983,81.4983,81.4983,0.0
1679113920000.0,81.4983,81.4983,81.4983,81.4983,0.0
1679113860000.0,81.4983,81.4983,81.4983,81.4983,0.0
1679113800000.0,81.4983,81.4983,81.4983,81.4983,0.070156
1679113740000.0,81.51115,81.5497,81.4983,81.4983,0.020171
1679113680000.0,81.4983,81.4983,81.4983,81.4983,0.00732
1679113620000.0,81.4983,81.4983,81.4983,81.4983,0.0
1679113560000.0,81.4983,81.4983,81.4983,81.4983,0.030153
1679113500000.0,81.4983,81.4983,81.4983,81.4983,0.024621
1679113440000.0,81.4983,81.4983,81.4983,81.4983,0.0
1679113380000.0,81.4983,81.4983,81.4983,81.4983,0.0
1679113320000.0,81.4983,81.4983,81.4983,81.4983,0.0
1679113260000.0,81.4983,81.4983,81.4983,81.4983,0.002689
1679113200000.0,81.4983,81.4983,81.4983,81.4983,0.0
1679113140000.0,81.4983,81.4983,81.4983,81.4983,0.0
1679113080000.0,81.4983,81.4983,81.4983,81.4983,0.0
1679113020000.0,81.4983,81.4983,81.4983,81.4983,0.0
1679112960000.0,81.4983,81.4983,81.4983,81.4983,0.0
1679112900000.0,81.4983,81.4983,81.4983,81.4983,0.73438
1679112840000.0,81.52452500000001,81.5707,81.4983,81.4983,5.404773
1679112780000.0,81.5308,81.5308,81.51455,81.51455,0.0
1679112720000.0,81.5308,81.5308,81.5308,81.5308,0.0
1679112660000.0,81.70925,81.8877,81.5308,81.5308,2.61873
1679112600000.0,81.8877,81.8877,81.70925,81.70925,0.0
1679112540000.0,81.8877,81.8877,81.8877,81.8877,0.0
1679112480000.0,81.8877,81.8877,81.8877,81.8877,0.0
1679112420000.0,81.8877,81.8877,81.8877,81.8877,0.0
1679112360000.0,81.8877,81.8877,81.8877,81.8877,0.0
1679112300000.0,81.8877,81.8877,81.8877,81.8877,0.0
1679112240000.0,81.8877,81.8877,81.8877,81.8877,0.0
1679112180000.0,81.8877,81.8877,81.8877,81.8877,0.0
1679112120000.0,81.8877,81.8877,81.8877,81.8877,0.0
1679112060000.0,81.8877,81.8877,81.8877,81.8877,0.0
1679112000000.0,81.8877,81.8877,81.8877,81.8877,0.0
1679111940000.0,81.8877,81.8877,81.8877,81.8877,0.0
1679111880000.0,81.88804999999999,81.8884,81.8877,81.8877,9.152918
1679111820000.0,81.8884,81.8884,81.88804999999999,81.88804999999999,0.0
1679111760000.0,81.8884,81.8884,81.8884,81.8884,0.0
1679111700000.0,81.88804999999999,81.8884,81.8877,81.8884,0.001814
1679111640000.0,81.8877,81.88804999999999,81.8877,81.88804999999999,0.0
1679111580000.0,81.8877,81.8877,81.8877,81.8877,0.0
1679111520000.0,81.8877,81.8877,81.8877,81.8877,0.0
1679111460000.0,81.8877,81.8877,81.8877,81.8877,0.0
1679111400000.0,81.8877,81.8877,81.8877,81.8877,0.0
1679111340000.0,81.8877,81.8877,81.8877,81.8877,0.001263
1679111280000.0,81.8879,81.8885,81.8877,81.8877,0.582198
1679111220000.0,81.89144999999999,81.8952,81.8877,81.8877,0.749928
1679111160000.0,81.8965,81.8978,81.89144999999999,81.89144999999999,0.001573
1679111100000.0,81.90585,81.9139,81.8965,81.8965,11.968561
1679111040000.0,81.9139,81.9139,81.90585,81.90585,0.0
1679110980000.0,81.9139,81.9139,81.9139,81.9139,0.0
1679110920000.0,81.9148,81.9157,81.9139,81.9139,0.002154
1679110860000.0,81.9157,81.9157,81.9148,81.9148,0.0
1679110800000.0,81.9157,81.9157,81.9157,81.9157,0.0
1679110740000.0,81.9157,81.9157,81.9157,81.9157,0.015222
1679110680000.0,81.9157,81.9157,81.9157,81.9157,0.022658
1679110620000.0,81.9157,81.9157,81.9157,81.9157,0.002743
1679110560000.0,81.9157,81.9157,81.9157,81.9157,0.016327
1679110500000.0,81.9157,81.9157,81.9157,81.9157,0.025062
1679110440000.0,81.9157,81.9157,81.9157,81.9157,0.0
1679110380000.0,81.75030000000001,81.9157,81.5849,81.9157,6.069779
1679110320000.0,81.5849,81.75030000000001,81.5849,81.75030000000001,0.0
1679110260000.0,81.58545000000001,81.6241,81.5523,81.5849,0.052865
1679110200000.0,81.5805,81.5827,81.5805,81.5827,0.0
1679110140000.0,81.56479999999999,81.5805,81.5491,81.5805,0.013431
1679110080000.0,81.5535,81.56479999999999,81.5491,81.56479999999999,0.007379
1679110020000.0,81.54429999999999,81.5579,81.5307,81.5535,0.002006
1679109960000.0,81.40645,81.54429999999999,81.2822,81.54429999999999,0.003433
1679109900000.0,81.2822,81.40645,81.2822,81.40645,0.022009
1679109840000.0,81.2822,81.2822,81.2822,81.2822,0.0
1679109780000.0,81.2821,81.2822,81.282,81.2822,0.001074
1679109720000.0,81.282,81.2821,81.282,81.2821,0.0
1679109660000.0,81.282,81.282,81.282,81.282,0.0
1679109600000.0,81.282,81.282,81.282,81.282,0.0
1679109540000.0,81.282,81.282,81.282,81.282,0.0
1679109480000.0,81.282,81.282,81.282,81.282,0.0
1679109420000.0,81.282,81.282,81.282,81.282,0.0
1679109360000.0,81.282,81.282,81.282,81.282,0.007854
1679109300000.0,81.282,81.282,81.282,81.282,0.0
1679109240000.0,81.282,81.282,81.282,81.282,0.0
1679109180000.0,81.282,81.282,81.282,81.282,0.001386
1679109120000.0,81.28205,81.2821,81.282,81.282,0.012846
1679109060000.0,81.28215,81.2822,81.28205,81.28205,0.051406
1679109000000.0,81.2822,81.2822,81.28215,81.28215,0.0
1679108940000.0,81.2822,81.2822,81.2822,81.2822,0.0
1679108880000.0,81.2714,81.2822,81.2606,81.2822,0.002302
1679108820000.0,81.2606,81.2714,81.2606,81.2714,0.0
1679108760000.0,81.190625,81.2821,81.1099,81.2606,0.002786
1679108700000.0,81.1099,81.18525,81.1099,81.18525,0.0
1679108640000.0,81.1099,81.1099,81.1099,81.1099,0.0
1679108580000.0,81.1099,81.1099,81.1099,81.1099,0.0
1679108520000.0,81.1099,81.1099,81.1099,81.1099,0.001217
1679108460000.0,81.10995,81.11,81.1099,81.1099,0.002877
1679108400000.0,81.11,81.11,81.10995,81.10995,0.0
1679108340000.0,81.11,81.11,81.11,81.11,0.0
1679108280000.0,81.11,81.11,81.11,81.11,0.005298
1679108220000.0,81.11,81.11,81.11,81.11,0.020932
1679108160000.0,81.11,81.11,81.11,81.11,0.001165
1679108100000.0,81.11,81.11,81.11,81.11,0.0
1679108040000.0,81.11,81.11,81.11,81.11,0.0
1679107980000.0,81.3052,81.5004,81.11,81.11,0.981529
1679107920000.0,81.5004,81.5004,81.3052,81.3052,0.0
1679107860000.0,81.5004,81.5004,81.5004,81.5004,1.540615
1679107800000.0,81.5196,81.5388,81.5004,81.5004,7.267626
1679107740000.0,81.5388,81.5388,81.5196,81.5196,0.0
1679107680000.0,81.5388,81.5388,81.5388,81.5388,0.0
1679107620000.0,81.5388,81.5388,81.5388,81.5388,0.0
1679107560000.0,81.5497,81.5606,81.5388,81.5388,0.001786
1679107500000.0,81.5606,81.5606,81.5497,81.5497,0.0
1679107440000.0,81.5606,81.5606,81.5606,81.5606,0.0
1679107380000.0,81.5606,81.5643,81.5532,81.5606,0.005026
1679107320000.0,81.5643,81.5643,81.56245,81.56245,0.0
1679107260000.0,81.5643,81.5643,81.5643,81.5643,0.006712
1679107200000.0,81.5643,81.5643,81.5643,81.5643,0.001629
1679107140000.0,81.5643,81.5643,81.5643,81.5643,0.018737
1679107080000.0,81.5646,81.5649,81.5643,81.5643,0.016738
1679107020000.0,81.5649,81.5649,81.5646,81.5646,0.0
1679106960000.0,81.5649,81.5649,81.5649,81.5649,0.0
1679106900000.0,81.53405000000001,81.5659,81.5027,81.5649,0.044969
1679106840000.0,81.5033,81.5338,81.5027,81.5338,0.008201
1679106780000.0,81.5039,81.5039,81.5033,81.5033,0.0
1679106720000.0,81.5039,81.5039,81.5039,81.5039,0.0
1679106660000.0,81.50465,81.5054,81.5039,81.5039,0.021344
1679106600000.0,81.5029,81.5054,81.5004,81.50465,0.176583
1679106540000.0,81.50305,81.5057,81.5004,81.5029,0.079826
1679106480000.0,81.51185,81.5407,81.5005,81.50305,0.077343
1679106420000.0,81.600175,81.7396,81.5005,81.5031,0.668792
1679106360000.0,81.6601,81.6601,81.5803,81.5803,0.0
1679106300000.0,81.58025,81.6601,81.5004,81.6601,0.275863
1679106240000.0,81.5004,81.58025,81.5004,81.58025,0.0
1679106180000.0,81.3471,81.5004,81.1938,81.5004,0.38956
1679106120000.0,81.1938,81.3471,81.1938,81.3471,0.0
1679106060000.0,81.1938,81.1938,81.1938,81.1938,0.0
1679106000000.0,81.1938,81.1938,81.1938,81.1938,0.0
1679105940000.0,81.128,81.1938,81.0622,81.1938,1.015278
1679105880000.0,81.07095000000001,81.128,81.0622,81.128,0.001171
1679105820000.0,81.0797,81.0797,81.07095000000001,81.07095000000001,0.0
1679105760000.0,81.07105,81.0797,81.0624,81.0797,0.001502
1679105700000.0,81.0624,81.07105,81.0624,81.07105,0.0
1679105640000.0,81.0624,81.0624,81.0624,81.0624,0.0
1679105580000.0,81.0624,81.0624,81.0624,81.0624,0.0
1679105520000.0,81.0624,81.0624,81.0624,81.0624,0.0
1679105460000.0,81.0624,81.0624,81.0624,81.0624,0.0
1679105400000.0,81.0624,81.0624,81.0624,81.0624,0.0
1679105340000.0,81.1768,81.2912,81.0624,81.0624,0.087
1679105280000.0,81.2912,81.2912,81.1768,81.1768,0.0
1679105220000.0,81.2912,81.2912,81.2912,81.2912,0.0
1679105160000.0,81.3526,81.414,81.2912,81.2912,4.586988
1679105100000.0,81.414,81.414,81.3526,81.3526,0.0
1679105040000.0,81.414,81.414,81.414,81.414,0.0
1679104980000.0,81.41405,81.4141,81.414,81.414,3.222442
1679104920000.0,81.4141,81.4141,81.41405,81.41405,0.00211
1679104860000.0,81.41405,81.4141,81.414,81.4141,0.122829
1679104800000.0,81.414,81.41405,81.414,81.41405,0.24196
1679104740000.0,81.414,81.414,81.414,81.414,0.24
1679104680000.0,81.4142,81.4148,81.414,81.414,0.243641
1679104620000.0,81.414,81.414,81.414,81.414,0.0
1679104560000.0,81.414,81.414,81.414,81.414,0.0
1679104500000.0,81.414,81.414,81.414,81.414,0.0
1679104440000.0,81.43934999999999,81.4647,81.414,81.414,0.24
1679104380000.0,81.4647,81.4647,81.43934999999999,81.43934999999999,0.0
1679104320000.0,81.4647,81.4647,81.4647,81.4647,0.0
1679104260000.0,81.4647,81.4647,81.4647,81.4647,0.0
1679104200000.0,81.43934999999999,81.4647,81.414,81.4647,0.001381
1679104140000.0,81.414,81.43934999999999,81.414,81.43934999999999,0.0
1679104080000.0,81.414,81.414,81.414,81.414,0.0
1679104020000.0,81.414,81.414,81.414,81.414,0.0
1679103960000.0,81.35255000000001,81.414,81.2911,81.414,0.128778
1679103900000.0,81.2911,81.35255000000001,81.2911,81.35255000000001,0.0
1679103840000.0,81.2911,81.2911,81.2911,81.2911,0.0
1679103780000.0,81.2911,81.2911,81.2911,81.2911,0.00432
1679103720000.0,81.34049999999999,81.3899,81.2911,81.2911,8.3
1679103660000.0,81.41895,81.448,81.34049999999999,81.34049999999999,3.999942
1679103600000.0,81.423825,81.4619,81.3927,81.41895,0.013573
1679103540000.0,81.39265,81.42035,81.3926,81.42035,0.008547
1679103480000.0,81.348525,81.3927,81.3044,81.39265,0.01841
1679103420000.0,81.3044,81.3485,81.3044,81.3485,0.0
1679103360000.0,81.3044,81.3044,81.3044,81.3044,0.0
1679103300000.0,81.28115,81.3044,81.2579,81.3044,0.001294
1679103240000.0,81.2579,81.28115,81.2579,81.28115,0.0
1679103180000.0,81.3781,81.4983,81.2579,81.2579,0.054825
1679103120000.0,81.5643,81.6308,81.3781,81.3781,13.66303
1679103060000.0,81.67095,81.7778,81.4984,81.56405000000001,8.846118
1679103000000.0,81.8184,81.859,81.7038,81.7038,10.16023
1679102940000.0,81.92285,81.9867,81.8184,81.8184,0.020254
1679102880000.0,81.9862,81.9867,81.92285,81.92285,0.008695
1679102820000.0,81.9857,81.9862,81.9857,81.9862,0.0
1679102760000.0,81.94125,81.9857,81.8968,81.9857,0.152264
1679102700000.0,81.89165,81.94125,81.8865,81.94125,0.016802
1679102640000.0,81.8865,81.89165,81.8865,81.89165,0.0
1679102580000.0,81.8865,81.8865,81.8865,81.8865,0.0
1679102520000.0,81.8865,81.8865,81.8865,81.8865,0.0
1679102460000.0,81.97970000000001,82.0729,81.8865,81.8865,2.588679
1679102400000.0,82.08715000000001,82.1014,81.97970000000001,81.97970000000001,0.003247
1679102340000.0,81.96715,82.1014,81.8329,82.08715000000001,0.007005
1679102280000.0,81.8329,81.96715,81.8329,81.96715,0.0
1679102220000.0,81.8329,81.8329,81.8329,81.8329,0.0
1679102160000.0,81.8329,81.8329,81.8329,81.8329,0.0
1679102100000.0,81.7915,81.8329,81.7501,81.8329,7.797363
1679102040000.0,81.7501,81.7915,81.7501,81.7915,0.0
1679101980000.0,81.7501,81.7501,81.7501,81.7501,0.0
1679101920000.0,81.7501,81.7501,81.7501,81.7501,0.0
1679101860000.0,81.81569999999999,81.8813,81.7501,81.7501,46.204408
1679101800000.0,81.83565,81.8813,81.79,81.81569999999999,0.861517
1679101740000.0,81.79,81.83565,81.79,81.83565,2.440315
1679101680000.0,81.78370000000001,81.79,81.7774,81.79,24.9
1679101620000.0,81.7774,81.78370000000001,81.7774,81.78370000000001,0.0
1679101560000.0,81.61775,81.7774,81.4581,81.7774,10.563011
1679101500000.0,81.4581,81.61775,81.4581,81.61775,0.0
1679101440000.0,81.4581,81.4581,81.4581,81.4581,0.0
1679101380000.0,81.4581,81.4581,81.4581,81.4581,0.0
1679101320000.0,81.4581,81.4581,81.4581,81.4581,0.0
1679101260000.0,81.509,81.5599,81.4581,81.4581,0.123779
1679101200000.0,81.67495,81.79,81.509,81.509,2.052613
1679101140000.0,81.6164,81.79,81.4428,81.67495,15.511591
1679101080000.0,81.4168,81.6164,81.3908,81.6164,0.007913
1679101020000.0,81.38114999999999,81.4168,81.3715,81.4168,0.010071
1679100960000.0,81.1891,81.38114999999999,81.0067,81.38114999999999,2.003159
1679100900000.0,80.99119999999999,81.1891,80.9757,81.1891,0.181918
1679100840000.0,80.9757,80.99119999999999,80.9757,80.99119999999999,0.0
1679100780000.0,80.88130000000001,80.9757,80.7869,80.9757,0.021328
1679100720000.0,80.7869,80.88130000000001,80.7869,80.88130000000001,0.0
1679100660000.0,80.7869,80.7869,80.7869,80.7869,0.0
1679100600000.0,80.7869,80.7869,80.7869,80.7869,0.0
1679100540000.0,80.7869,80.7869,80.7869,80.7869,0.0
1679100480000.0,80.7869,80.7869,80.7869,80.7869,0.0
1679100420000.0,80.7869,80.7869,80.7869,80.7869,0.0
1679100360000.0,80.813575,80.891,80.7869,80.7869,5.841162
1679100300000.0,80.7882,80.7895,80.7869,80.7882,0.193056
1679100240000.0,80.7869,80.7882,80.7869,80.7882,0.0
1679100180000.0,80.78732500000001,80.7886,80.7869,80.7869,0.373198
1679100120000.0,80.6799,80.7869,80.5729,80.7869,0.9363
1679100060000.0,80.5729,80.6799,80.5729,80.6799,0.171389
1679100000000.0,80.5729,80.5729,80.5729,80.5729,0.0
1679099940000.0,80.5729,80.5729,80.5729,80.5729,0.0
1679099880000.0,80.55185,80.5729,80.5308,80.5729,0.022188
1679099820000.0,80.5308,80.55185,80.5308,80.55185,0.0
1679099760000.0,80.5308,80.5308,80.5308,80.5308,0.0
1679099700000.0,80.41024999999999,80.5572,80.2765,80.5308,9.975204
1679099640000.0,80.2765,80.40365,80.2765,80.40365,0.0
1679099580000.0,80.1285,80.2765,79.9805,80.2765,0.00253
1679099520000.0,79.9805,80.1285,79.9805,80.1285,0.0
1679099460000.0,80.167725,80.4345,79.8214,79.9805,131.308635
1679099400000.0,80.54554999999999,80.6566,80.20750000000001,80.20750000000001,0.030806
1679099340000.0,80.54554999999999,80.6566,80.4345,80.54554999999999,0.007198
1679099280000.0,80.54690000000001,80.7486,80.4345,80.54554999999999,6.084119
1679099220000.0,80.57,80.57,80.50225,80.50225,0.0
1679099160000.0,80.57,80.57,80.57,80.57,0.0
1679099100000.0,80.50219999999999,80.57,80.4344,80.57,0.006928
1679099040000.0,80.4344,80.50219999999999,80.4344,80.50219999999999,0.0
1679098980000.0,80.4344,80.4344,80.4344,80.4344,0.0
1679098920000.0,80.4344,80.4344,80.4344,80.4344,0.0
1679098860000.0,80.67795,80.9215,80.4344,80.4344,0.001554
1679098800000.0,80.9215,80.9215,80.67795,80.67795,0.029699
1679098740000.0,80.922575,80.9258,80.9215,80.9215,8.954002
1679098680000.0,80.9215,80.9215,80.9215,80.9215,0.0
1679098620000.0,80.9215,80.9215,80.9215,80.9215,0.0
1679098560000.0,80.9215,80.9215,80.9215,80.9215,0.0
1679098500000.0,80.9215,80.9215,80.9215,80.9215,0.0
1679098440000.0,80.92322499999999,80.925,80.9215,80.9215,0.373643
1679098380000.0,80.92609999999999,80.9273,80.9232,80.9232,3.030482
1679098320000.0,80.92445000000001,80.9273,80.9216,80.92609999999999,0.001183
1679098260000.0,80.9216,80.92445000000001,80.9216,80.92445000000001,0.0
1679098200000.0,80.9216,80.9216,80.9216,80.9216,0.0
1679098140000.0,80.9216,80.9216,80.9216,80.9216,0.0
1679098080000.0,80.9216,80.9216,80.9216,80.9216,0.0
1679098020000.0,80.9216,80.9216,80.9216,80.9216,0.0
1679097960000.0,80.96414999999999,81.0067,80.9216,80.9216,0.001574
1679097900000.0,81.0067,81.0067,80.96414999999999,80.96414999999999,0.0
1679097840000.0,81.0067,81.0067,81.0067,81.0067,0.0
1679097780000.0,81.0067,81.0067,81.0067,81.0067,0.0
1679097720000.0,81.0067,81.0067,81.0067,81.0067,0.0
1679097660000.0,81.0067,81.0067,81.0067,81.0067,0.0
1679097600000.0,81.0067,81.0067,81.0067,81.0067,0.0017
1679097540000.0,81.0067,81.0067,81.0067,81.0067,0.0
1679097480000.0,81.0067,81.0067,81.0067,81.0067,0.0
1679097420000.0,81.00665000000001,81.0067,81.0066,81.0067,0.005751
1679097360000.0,81.0066,81.00665000000001,81.0066,81.00665000000001,0.007625
1679097300000.0,80.9641,81.0066,80.9216,81.0066,0.001294
1679097240000.0,80.9216,80.9641,80.9216,80.9641,0.0
1679097180000.0,80.9216,80.9216,80.9216,80.9216,0.0
1679097120000.0,80.9216,80.9216,80.9216,80.9216,0.0
1679097060000.0,80.9216,80.9216,80.9216,80.9216,0.0
1679097000000.0,80.9216,80.9216,80.9216,80.9216,0.0
1679096940000.0,80.9216,80.9216,80.9216,80.9216,0.0
1679096880000.0,80.9227,80.926,80.9216,80.9216,0.013803
1679096820000.0,80.936325,80.9511,80.9215,80.9216,0.014385
1679096760000.0,80.9511,80.9511,80.93635,80.93635,0.0
1679096700000.0,80.9511,80.9511,80.9511,80.9511,0.0
1679096640000.0,80.9511,80.9511,80.9511,80.9511,0.0
1679096580000.0,80.9511,80.9511,80.9511,80.9511,0.0
1679096520000.0,80.95439999999999,80.9577,80.9511,80.9511,0.003119
1679096460000.0,80.9577,80.9577,80.95439999999999,80.95439999999999,0.0
1679096400000.0,80.9577,80.9577,80.9577,80.9577,0.0
1679096340000.0,80.9577,80.9577,80.9577,80.9577,0.0
1679096280000.0,80.9822,81.0067,80.9577,80.9577,0.023513
1679096220000.0,80.97055,81.0067,80.9344,80.9822,0.003171
1679096160000.0,80.93395,80.97055,80.9335,80.97055,0.002094
1679096100000.0,80.7844,80.93395,80.6353,80.93395,0.151326
1679096040000.0,80.6353,80.7844,80.6353,80.7844,0.226004
1679095980000.0,80.52355,80.6353,80.4118,80.6353,0.33102
1679095920000.0,80.4118,80.52355,80.4118,80.52355,0.0
1679095860000.0,80.486975,80.6024,80.4118,80.4118,0.009333
1679095800000.0,80.56797499999999,80.6278,80.46685,80.46685,0.08586
1679095740000.0,80.6284,80.629,80.57485,80.57485,4.853181
1679095680000.0,80.628425,80.6291,80.6278,80.6284,0.031427
1679095620000.0,80.62785,80.6284,80.6278,80.6284,0.25916
1679095560000.0,80.72035,80.8128,80.62785,80.62785,0.011184
1679095500000.0,80.8041,80.8128,80.72035,80.72035,0.024644
1679095440000.0,80.7954,80.8041,80.7954,80.8041,0.0
1679095380000.0,80.7954,80.7954,80.7954,80.7954,0.0
1679095320000.0,80.8047,80.8326,80.7954,80.7954,14.60133
1679095260000.0,80.7954,80.7954,80.7954,80.7954,0.0
1679095200000.0,80.7954,80.7954,80.7954,80.7954,0.0
1679095140000.0,80.7954,80.7954,80.7954,80.7954,0.0
1679095080000.0,80.7954,80.7954,80.7954,80.7954,0.0
1679095020000.0,80.87530000000001,80.9552,80.7954,80.7954,0.227939
1679094960000.0,80.9552,80.9552,80.87530000000001,80.87530000000001,0.0
1679094900000.0,80.9552,80.9552,80.9552,80.9552,0.0
1679094840000.0,80.9552,80.9552,80.9552,80.9552,0.0
1679094780000.0,80.9552,80.9552,80.9552,80.9552,0.0
1679094720000.0,81.0189,81.0826,80.9552,80.9552,0.172937
1679094660000.0,80.86455000000001,81.0826,80.6465,81.0189,4.723313
1679094600000.0,80.65485000000001,80.86455000000001,80.644,80.86455000000001,4.811559
1679094540000.0,80.47794999999999,80.64525,80.3119,80.64525,0.87471
1679094480000.0,80.3119,80.47794999999999,80.3119,80.47794999999999,0.0
1679094420000.0,80.3119,80.3119,80.3119,80.3119,0.0
1679094360000.0,80.36465,80.4174,80.3119,80.3119,0.002154
1679094300000.0,80.4174,80.4174,80.36465,80.36465,0.0
1679094240000.0,80.4174,80.4174,80.4174,80.4174,0.0
1679094180000.0,80.4174,80.4174,80.4174,80.4174,0.0
1679094120000.0,80.4174,80.4174,80.4174,80.4174,0.0
1679094060000.0,80.35995,80.4174,80.3025,80.4174,0.004962
1679094000000.0,80.31885,80.35995,80.3025,80.35995,0.00109
1679093940000.0,80.3352,80.3352,80.31885,80.31885,0.0
1679093880000.0,80.3352,80.3352,80.3352,80.3352,0.0
1679093820000.0,80.2387,80.3352,80.1422,80.3352,0.001105
1679093760000.0,80.1422,80.2387,80.1422,80.2387,0.0
1679093700000.0,80.1422,80.1422,80.1422,80.1422,0.0
1679093640000.0,80.1422,80.1422,80.1422,80.1422,0.0
1679093580000.0,80.15865,80.1751,80.1422,80.1422,0.003874
1679093520000.0,80.1702,80.1751,80.15865,80.15865,0.00492
1679093460000.0,80.1653,80.1702,80.1653,80.1702,0.0
1679093400000.0,80.1653,80.1653,80.1653,80.1653,0.0
1679093340000.0,80.1653,80.1653,80.1653,80.1653,0.0
1679093280000.0,80.1653,80.1653,80.1653,80.1653,0.0
1679093220000.0,80.0459,80.1653,79.9265,80.1653,0.344309
1679093160000.0,79.9265,80.0459,79.9265,80.0459,0.0
1679093100000.0,79.9265,79.9265,79.9265,79.9265,0.000926
1679093040000.0,79.7698,79.9265,79.6131,79.9265,1.335585
1679092980000.0,79.659125,79.7698,79.599,79.7698,0.005615
1679092920000.0,79.7122,79.7122,79.66265,79.66265,0.0
1679092860000.0,79.7122,79.7122,79.7122,79.7122,0.0
1679092800000.0,79.7122,79.7122,79.7122,79.7122,0.0
1679092740000.0,79.7122,79.7122,79.7122,79.7122,0.0
1679092680000.0,79.7122,79.7122,79.7122,79.7122,0.188134
1679092620000.0,79.45265,79.7122,79.1931,79.7122,0.012495
1679092560000.0,79.1931,79.45265,79.1931,79.45265,0.0
1679092500000.0,79.1931,79.1931,79.1931,79.1931,0.0
1679092440000.0,79.25797499999999,79.3394,79.16,79.1931,0.035259
1679092380000.0,79.3394,79.3394,79.26625,79.26625,0.0
1679092320000.0,79.49105,79.6427,79.3394,79.3394,11.229797
1679092260000.0,79.552475,79.6427,79.3395,79.49105,11.002505
1679092200000.0,79.600725,79.6915,79.5632,79.61385,2.050194
1679092140000.0,79.6451,79.727,79.5632,79.57409999999999,0.045032
1679092080000.0,79.601275,79.7273,79.4754,79.6451,0.142976
1679092020000.0,79.52255,79.664,79.4754,79.6012,0.136678
1679091960000.0,79.4754,79.4754,79.4754,79.4754,0.044243
1679091900000.0,79.66665,79.8579,79.4754,79.4754,0.018509
1679091840000.0,79.8579,79.8579,79.66665,79.66665,0.0
1679091780000.0,79.65315000000001,79.8579,79.4484,79.8579,0.633067
1679091720000.0,79.39705000000001,79.65315000000001,79.3457,79.65315000000001,0.691382
1679091660000.0,79.3457,79.39705000000001,79.3457,79.39705000000001,0.0
1679091600000.0,79.34545,79.3457,79.3452,79.3457,0.001107
1679091540000.0,79.3452,79.34545,79.3452,79.34545,0.0
1679091480000.0,79.34552500000001,79.3467,79.3451,79.3452,2.9952
1679091420000.0,79.3451,79.34515,79.3451,79.34515,0.0
1679091360000.0,79.3451,79.3451,79.3451,79.3451,0.0
1679091300000.0,79.39670000000001,79.4483,79.3451,79.3451,0.00178
1679091240000.0,79.4483,79.4483,79.39670000000001,79.39670000000001,0.0
1679091180000.0,79.4483,79.4483,79.4483,79.4483,0.000753
1679091120000.0,79.4483,79.4483,79.4483,79.4483,0.0
1679091060000.0,79.4483,79.4483,79.4483,79.4483,0.0
1679091000000.0,79.4483,79.4483,79.4483,79.4483,0.0
1679090940000.0,79.4483,79.4483,79.4483,79.4483,0.0
1679090880000.0,79.40245,79.4483,79.3566,79.4483,11.299
1679090820000.0,79.2778,79.40245,79.199,79.40245,0.001411
1679090760000.0,79.118725,79.2778,79.0152,79.2778,0.003165
1679090700000.0,79.0617,79.13034999999999,79.0617,79.13034999999999,0.0
1679090640000.0,79.12115,79.1806,79.0617,79.0617,11.287459
1679090580000.0,79.25569999999999,79.3308,79.12115,79.12115,1.0
1679090520000.0,79.31869999999999,79.3314,79.25569999999999,79.25569999999999,71.29198
1679090460000.0,79.3063,79.31854999999999,79.3063,79.31854999999999,0.0
1679090400000.0,79.3063,79.3063,79.3063,79.3063,0.0
1679090340000.0,79.3063,79.3063,79.3063,79.3063,0.0
1679090280000.0,79.18965,79.3065,79.0729,79.3063,2.0
1679090220000.0,79.0729,79.1896,79.0729,79.1896,0.0
1679090160000.0,79.0729,79.0729,79.0729,79.0729,0.0
1679090100000.0,78.96690000000001,79.0729,78.8609,79.0729,0.198356
1679090040000.0,78.8609,78.96690000000001,78.8609,78.96690000000001,0.0
1679089980000.0,78.697,78.8609,78.5331,78.8609,0.197779
1679089920000.0,78.5331,78.697,78.5331,78.697,0.0
1679089860000.0,78.5331,78.5331,78.5331,78.5331,0.0
1679089800000.0,78.499925,78.5331,78.4415,78.5331,0.013461
1679089740000.0,78.492,78.51255,78.492,78.51255,0.0
1679089680000.0,78.63785,78.7837,78.492,78.492,16.534453
1679089620000.0,78.74334999999999,78.7837,78.63785,78.63785,10.080352
1679089560000.0,78.9297,79.1564,78.703,78.74334999999999,14.796265
1679089500000.0,79.22964999999999,79.3029,78.9297,78.9297,11.996398
1679089440000.0,79.0906,79.3029,78.8783,79.22964999999999,0.378033
1679089380000.0,78.78155,79.0906,78.6848,79.0906,0.453703
1679089320000.0,78.6079,78.78155,78.531,78.78155,1.234766
1679089260000.0,78.531,78.6079,78.531,78.6079,0.0
1679089200000.0,78.5221,78.531,78.5132,78.531,0.001198
1679089140000.0,78.5132,78.5221,78.5132,78.5221,0.0
1679089080000.0,78.5132,78.5132,78.5132,78.5132,0.0
1679089020000.0,78.5132,78.5132,78.5132,78.5132,0.00521
1679088960000.0,78.5132,78.5132,78.5132,78.5132,0.0
1679088900000.0,78.5132,78.5132,78.5132,78.5132,0.010596
1679088840000.0,78.5132,78.5132,78.5132,78.5132,0.007774
1679088780000.0,78.52935,78.5455,78.5132,78.5132,0.035147
1679088720000.0,78.5455,78.5455,78.52935,78.52935,0.0
1679088660000.0,78.54910000000001,78.5527,78.5455,78.5455,0.003598
1679088600000.0,78.53295,78.5527,78.5132,78.54910000000001,0.001322
1679088540000.0,78.51625,78.53295,78.5132,78.53295,0.096215
1679088480000.0,78.517075,78.6495,78.4528,78.5132,0.16443
1679088420000.0,78.428,78.483,78.4032,78.483,0.202607
1679088360000.0,78.40315,78.428,78.4031,78.428,0.128
1679088300000.0,78.42085,78.4386,78.4031,78.40315,0.022337
1679088240000.0,78.4386,78.4386,78.42085,78.42085,0.0
1679088180000.0,78.4386,78.4386,78.4386,78.4386,0.0
1679088120000.0,78.36985,78.4386,78.3011,78.4386,0.001
1679088060000.0,78.3011,78.36985,78.3011,78.36985,0.0
1679088000000.0,78.3011,78.3011,78.3011,78.3011,0.0
1679087940000.0,78.2647,78.3011,78.2283,78.3011,0.20017
1679087880000.0,78.2283,78.2647,78.2283,78.2647,0.0
1679087820000.0,78.2283,78.2283,78.2283,78.2283,0.0
1679087760000.0,78.2283,78.2283,78.2283,78.2283,0.0
1679087700000.0,78.15115,78.2283,78.074,78.2283,0.007361
1679087640000.0,78.11439999999999,78.1548,78.074,78.15115,0.008461
1679087580000.0,78.1548,78.1548,78.11439999999999,78.11439999999999,0.0
1679087520000.0,78.19149999999999,78.2282,78.1548,78.1548,0.001388
1679087460000.0,78.2282,78.2282,78.19149999999999,78.19149999999999,0.0
1679087400000.0,78.2282,78.2282,78.2282,78.2282,0.0
1679087340000.0,78.2282,78.2282,78.2282,78.2282,0.0
1679087280000.0,78.2282,78.2282,78.2282,78.2282,0.0
1679087220000.0,78.2282,78.2282,78.2282,78.2282,0.0
1679087160000.0,78.2282,78.2282,78.2282,78.2282,0.0
1679087100000.0,78.2282,78.2282,78.2282,78.2282,0.0
1679087040000.0,78.1511,78.2282,78.074,78.2282,0.305908
1679086980000.0,78.074,78.1511,78.074,78.1511,0.0
1679086920000.0,78.074,78.074,78.074,78.074,0.0
1679086860000.0,78.074,78.074,78.074,78.074,0.0
1679086800000.0,78.065425,78.1807,78.0035,78.074,3.05643
1679086740000.0,78.0035,78.03875,78.0035,78.03875,0.0
1679086680000.0,78.0035,78.0035,78.0035,78.0035,0.0
1679086620000.0,78.0035,78.0035,78.0035,78.0035,0.0
1679086560000.0,78.0035,78.0035,78.0035,78.0035,0.0
1679086500000.0,78.0035,78.0035,78.0035,78.0035,0.0
1679086440000.0,78.0035,78.0035,78.0035,78.0035,0.0
1679086380000.0,77.93195,78.0035,77.8604,78.0035,0.001004
1679086320000.0,77.75710000000001,77.93195,77.6538,77.93195,0.001131
1679086260000.0,77.6538,77.75710000000001,77.6538,77.75710000000001,0.0
1679086200000.0,77.6538,77.6538,77.6538,77.6538,0.0
1679086140000.0,77.6538,77.6538,77.6538,77.6538,0.0
1679086080000.0,77.6538,77.6538,77.6538,77.6538,0.0
1679086020000.0,77.65375,77.6538,77.6537,77.6538,0.002819
1679085960000.0,77.73695000000001,77.8202,77.6537,77.65375,0.016504
1679085900000.0,77.8202,77.8202,77.73695000000001,77.73695000000001,0.0
1679085840000.0,77.8202,77.8202,77.8202,77.8202,0.0
1679085780000.0,77.84129999999999,77.8624,77.8202,77.8202,5.164778
1679085720000.0,77.8685,77.8746,77.84129999999999,77.84129999999999,3.470703
1679085660000.0,77.8746,77.8746,77.8685,77.8685,0.0
1679085600000.0,77.8746,77.8746,77.8746,77.8746,0.0
1679085540000.0,77.8746,77.8746,77.8746,77.8746,0.0
1679085480000.0,77.8746,77.8746,77.8746,77.8746,0.0
1679085420000.0,77.9953,78.116,77.8746,77.8746,0.868308
1679085360000.0,78.116,78.116,77.9953,77.9953,0.0
1679085300000.0,78.116,78.116,78.116,78.116,0.0
1679085240000.0,78.116,78.116,78.116,78.116,0.0
1679085180000.0,78.03014999999999,78.116,77.9443,78.116,0.075592
1679085120000.0,77.9443,78.03014999999999,77.9443,78.03014999999999,0.0
1679085060000.0,77.90950000000001,77.9443,77.8747,77.9443,0.014895
1679085000000.0,77.9493,78.0239,77.8747,77.90950000000001,0.007883
1679084940000.0,78.03735,78.0508,77.9493,77.9493,7.930414
1679084880000.0,78.089325,78.2587,78.0239,78.03735,0.010219
1679084820000.0,78.0239,78.03735,78.0239,78.03735,0.0
1679084760000.0,78.1413,78.2587,78.0239,78.0239,0.055317
1679084700000.0,78.2004,78.2587,78.1413,78.1413,0.007614
1679084640000.0,78.21617499999999,78.3469,78.1421,78.2004,13.452069
1679084580000.0,78.08439999999999,78.2446,77.9297,78.18785,9.131037
1679084520000.0,77.9297,78.08165,77.9297,78.08165,0.0
1679084460000.0,77.9297,77.9297,77.9297,77.9297,0.0
1679084400000.0,77.9297,77.9297,77.9297,77.9297,0.0
1679084340000.0,77.9297,77.9297,77.9297,77.9297,0.0
1679084280000.0,77.9297,77.9297,77.9297,77.9297,0.0
1679084220000.0,77.9297,77.9297,77.9297,77.9297,0.0
1679084160000.0,77.92965,77.9297,77.9296,77.9297,0.009087
1679084100000.0,77.9296,77.92965,77.9296,77.92965,0.002192
1679084040000.0,77.9296,77.9296,77.9296,77.9296,0.004198
1679083980000.0,77.9296,77.9296,77.9296,77.9296,0.0
1679083920000.0,77.9296,77.9296,77.9296,77.9296,0.002184
1679083860000.0,77.9296,77.9296,77.9296,77.9296,0.0
1679083800000.0,77.9296,77.9296,77.9296,77.9296,0.002061
1679083740000.0,77.9296,77.9296,77.9296,77.9296,0.0
1679083680000.0,77.9296,77.9296,77.9296,77.9296,0.035436
1679083620000.0,77.9296,77.9296,77.9296,77.9296,0.0
1679083560000.0,77.9616,77.9936,77.9296,77.9296,0.001312
1679083500000.0,77.9936,77.9936,77.9616,77.9616,0.0
1679083440000.0,78.0498,78.106,77.9936,77.9936,1.489091
1679083380000.0,78.12525,78.1445,78.0498,78.0498,9.786199
1679083320000.0,78.20375,78.263,78.12525,78.12525,0.001177
1679083260000.0,78.16735,78.263,78.0717,78.20375,0.018029
1679083200000.0,78.0717,78.16735,78.0717,78.16735,0.0
1679083140000.0,78.0717,78.0717,78.0717,78.0717,0.0
1679083080000.0,78.0717,78.0717,78.0717,78.0717,0.0
1679083020000.0,78.2348,78.3979,78.0717,78.0717,0.401977
1679082960000.0,78.473325,78.5972,78.2348,78.2348,0.204533
1679082900000.0,78.54335,78.5972,78.4895,78.49755,1.228127
1679082840000.0,78.45205,78.54335,78.3986,78.54335,0.052886
1679082780000.0,78.377475,78.4895,78.2949,78.46005,1.234338
1679082720000.0,78.2949,78.36275,78.2949,78.36275,0.0
1679082660000.0,78.2949,78.2949,78.2949,78.2949,0.0
1679082600000.0,78.234275,78.2949,78.1736,78.2949,4.074966
1679082540000.0,78.06854999999999,78.23429999999999,77.9634,78.23429999999999,0.852928
1679082480000.0,77.9634,78.06854999999999,77.9634,78.06854999999999,0.0
1679082420000.0,77.95752499999999,78.0563,77.9052,77.9634,0.003883
1679082360000.0,77.9052,77.9343,77.9052,77.9343,0.0
1679082300000.0,77.9052,77.9052,77.9052,77.9052,0.0
1679082240000.0,77.9052,77.9052,77.9052,77.9052,0.0
1679082180000.0,78.1275,78.3498,77.9052,77.9052,0.002032
1679082120000.0,78.3498,78.3498,78.1275,78.1275,0.0
1679082060000.0,78.3498,78.3498,78.3498,78.3498,0.0
1679082000000.0,78.3498,78.3498,78.3498,78.3498,0.0
1679081940000.0,78.3498,78.3498,78.3498,78.3498,0.0
1679081880000.0,78.122175,78.3498,77.8168,78.3498,49.760034
1679081820000.0,77.9723,78.16105,77.9723,78.16105,0.0
1679081760000.0,77.845,77.9723,77.7177,77.9723,0.128
1679081700000.0,77.822575,77.9334,77.7177,77.845,0.909107
1679081640000.0,77.9215,77.9215,77.8196,77.8196,0.0
1679081580000.0,77.969925,78.0184,77.9214,77.9215,1.917345
1679081520000.0,78.0184,78.0184,77.96995,77.96995,0.0
1679081460000.0,77.9721,78.0184,77.9258,78.0184,8.04076
1679081400000.0,77.90365,77.9721,77.8697,77.9721,0.081545
1679081340000.0,77.90955,77.9494,77.8697,77.89775,0.009471
1679081280000.0,77.88335,77.9494,77.711,77.90955,0.05125
1679081220000.0,77.8905,77.9365,77.8086,77.9365,0.06486
1679081160000.0,77.90655,77.91485,77.9061,77.91485,0.041044
1679081100000.0,77.907,77.907,77.90655,77.90655,0.008653
1679081040000.0,77.8822,77.907,77.8574,77.907,0.002172
1679080980000.0,77.8574,77.8822,77.8574,77.8822,0.0
1679080920000.0,77.68045000000001,77.8574,77.5035,77.8574,6.294834
1679080860000.0,77.6314,77.7593,77.5035,77.68045000000001,2.1
1679080800000.0,77.7593,77.7593,77.6314,77.6314,0.0
1679080740000.0,77.7593,77.7593,77.7593,77.7593,0.0
1679080680000.0,77.7593,77.7593,77.7593,77.7593,0.0
1679080620000.0,77.7593,77.7593,77.7593,77.7593,0.0
1679080560000.0,77.7593,77.7593,77.7593,77.7593,0.0
1679080500000.0,77.7593,77.7593,77.7593,77.7593,0.0
1679080440000.0,77.55455,77.7593,77.3498,77.7593,0.203912
1679080380000.0,77.3498,77.55455,77.3498,77.55455,0.0
1679080320000.0,77.3498,77.3498,77.3498,77.3498,0.0
1679080260000.0,77.3498,77.3498,77.3498,77.3498,0.0
1679080200000.0,77.3498,77.3498,77.3498,77.3498,0.0
1679080140000.0,77.3498,77.3498,77.3498,77.3498,0.0
1679080080000.0,77.4394,77.529,77.3498,77.3498,0.001314
1679080020000.0,77.529,77.529,77.4394,77.4394,0.0
1679079960000.0,77.5094,77.529,77.4898,77.529,1.176538
1679079900000.0,77.42269999999999,77.5094,77.3183,77.5094,0.21415
1679079840000.0,77.3929,77.44135,77.3929,77.44135,0.0
1679079780000.0,77.3929,77.3929,77.3929,77.3929,0.0
1679079720000.0,77.3929,77.3929,77.3929,77.3929,0.0
1679079660000.0,77.3929,77.3929,77.3929,77.3929,0.0
1679079600000.0,77.3929,77.3929,77.3929,77.3929,0.0
1679079540000.0,77.34479999999999,77.3929,77.2967,77.3929,0.401531
1679079480000.0,77.2967,77.34479999999999,77.2967,77.34479999999999,0.0
1679079420000.0,77.2967,77.2967,77.2967,77.2967,0.0
1679079360000.0,77.2967,77.2967,77.2967,77.2967,0.0
1679079300000.0,77.2967,77.2967,77.2967,77.2967,0.0
1679079240000.0,77.2967,77.2967,77.2967,77.2967,0.0
1679079180000.0,77.2903,77.2967,77.2839,77.2967,0.003469
1679079120000.0,77.2839,77.2903,77.2839,77.2903,0.0
1679079060000.0,77.2839,77.2839,77.2839,77.2839,0.0
1679079000000.0,77.2839,77.2839,77.2839,77.2839,0.0
1679078940000.0,77.2839,77.2839,77.2839,77.2839,0.0
1679078880000.0,77.240275,77.3068,77.1852,77.2839,0.073773
1679078820000.0,77.14465,77.23455,77.1041,77.23455,0.201116
1679078760000.0,77.1091,77.14465,77.1041,77.14465,0.003989
1679078700000.0,77.1141,77.1141,77.1091,77.1091,0.0
1679078640000.0,77.1141,77.1141,77.1141,77.1141,0.0
1679078580000.0,77.0462,77.1141,76.9783,77.1141,0.193404
1679078520000.0,76.9783,77.0462,76.9783,77.0462,0.004426
1679078460000.0,76.9659,76.9783,76.9535,76.9783,0.014104
1679078400000.0,76.8627,76.9659,76.7719,76.9659,0.00412
1679078340000.0,76.7719,76.8627,76.7719,76.8627,0.0
1679078280000.0,76.7719,76.7719,76.7719,76.7719,0.0
1679078220000.0,76.7719,76.7719,76.7719,76.7719,0.0
1679078160000.0,76.7719,76.7719,76.7719,76.7719,0.0
1679078100000.0,76.7719,76.7719,76.7719,76.7719,0.0
1679078040000.0,76.7719,76.7719,76.7719,76.7719,0.0
1679077980000.0,76.66454999999999,76.7719,76.5572,76.7719,0.203161
1679077920000.0,76.5572,76.66454999999999,76.5572,76.66454999999999,0.0
1679077860000.0,76.63444999999999,76.7117,76.5572,76.5572,0.003304
1679077800000.0,76.7117,76.7117,76.63444999999999,76.63444999999999,0.0
1679077740000.0,76.63034999999999,76.7117,76.549,76.7117,0.00648
1679077680000.0,76.5087,76.63034999999999,76.4684,76.63034999999999,0.001064
1679077620000.0,76.54675,76.6251,76.4684,76.5087,0.011208
1679077560000.0,76.62174999999999,76.6251,76.54675,76.54675,0.068005
1679077500000.0,76.56995,76.62174999999999,76.5215,76.62174999999999,0.00946
1679077440000.0,76.5215,76.56995,76.5215,76.56995,0.0
1679077380000.0,76.5215,76.5215,76.5215,76.5215,0.0
1679077320000.0,76.5215,76.5215,76.5215,76.5215,0.0
1679077260000.0,76.5215,76.5215,76.5215,76.5215,0.0
1679077200000.0,76.5118,76.5215,76.5021,76.5215,0.009215
1679077140000.0,76.5021,76.5118,76.5021,76.5118,0.0
1679077080000.0,76.5527,76.6033,76.5021,76.5021,0.003567
1679077020000.0,76.53365,76.6033,76.464,76.5527,0.001866
1679076960000.0,76.464,76.53365,76.464,76.53365,0.0
1679076900000.0,76.464,76.464,76.464,76.464,0.0
1679076840000.0,76.464,76.464,76.464,76.464,0.0
1679076780000.0,76.464,76.464,76.464,76.464,0.0
1679076720000.0,76.40527499999999,76.5175,76.3198,76.464,0.005683
1679076660000.0,76.49799999999999,76.6762,76.3198,76.39189999999999,2.581977
1679076600000.0,76.6762,76.6762,76.49799999999999,76.49799999999999,0.0
1679076540000.0,76.87995,77.0837,76.6762,76.6762,0.021065
1679076480000.0,77.0837,77.0837,76.87995,76.87995,0.0
1679076420000.0,77.0837,77.0837,77.0837,77.0837,0.0
1679076360000.0,77.0837,77.0837,77.0837,77.0837,0.0
1679076300000.0,77.0837,77.0837,77.0837,77.0837,0.0
1679076240000.0,77.0837,77.0837,77.0837,77.0837,0.0
1679076180000.0,77.0837,77.0837,77.0837,77.0837,0.0
1679076120000.0,77.12174999999999,77.1598,77.0837,77.0837,0.00101
1679076060000.0,77.1598,77.1598,77.12174999999999,77.12174999999999,0.0
1679076000000.0,77.1598,77.1598,77.1598,77.1598,0.0
1679075940000.0,77.1598,77.1598,77.1598,77.1598,0.0
1679075880000.0,77.1598,77.1598,77.1598,77.1598,0.0
1679075820000.0,77.1725,77.1852,77.1598,77.1598,0.003617
1679075760000.0,77.14665,77.1852,77.1081,77.1725,0.006231
1679075700000.0,77.1081,77.14665,77.1081,77.14665,0.0
1679075640000.0,76.99175,77.1081,76.8754,77.1081,0.001363
1679075580000.0,76.8754,76.99175,76.8754,76.99175,0.0
1679075520000.0,76.8754,76.8754,76.8754,76.8754,0.0
1679075460000.0,76.8754,76.8754,76.8754,76.8754,0.0
1679075400000.0,76.8754,76.8754,76.8754,76.8754,0.0
1679075340000.0,76.8754,76.8754,76.8754,76.8754,0.0
1679075280000.0,76.9807,77.1101,76.8754,76.8754,0.91795
1679075220000.0,76.9548,77.0619,76.8477,76.96865,0.007584
1679075160000.0,76.8477,76.9548,76.8477,76.9548,0.0
1679075100000.0,76.77515,76.8477,76.7026,76.8477,0.001853
1679075040000.0,76.7026,76.77515,76.7026,76.77515,0.0
1679074980000.0,76.7026,76.7026,76.7026,76.7026,0.0
1679074920000.0,76.7026,76.7026,76.7026,76.7026,0.0
1679074860000.0,76.7026,76.7026,76.7026,76.7026,0.0
1679074800000.0,76.7026,76.7026,76.7026,76.7026,0.0
1679074740000.0,76.7026,76.7026,76.7026,76.7026,0.0
1679074680000.0,76.87360000000001,77.0446,76.7026,76.7026,2.35514
1679074620000.0,77.0446,77.0446,76.87360000000001,76.87360000000001,0.0
1679074560000.0,77.0416,77.0446,77.0386,77.0446,0.005961
1679074500000.0,76.98085,77.0416,76.9231,77.0416,0.002098
1679074440000.0,76.9231,76.98085,76.9231,76.98085,0.0
1679074380000.0,76.9231,76.9231,76.9231,76.9231,0.0
1679074320000.0,76.9005,76.9231,76.8779,76.9231,0.026169
1679074260000.0,76.900475,76.9682,76.8779,76.9005,0.002696
1679074200000.0,76.8779,76.8779,76.8779,76.8779,0.0
1679074140000.0,76.95824999999999,77.0386,76.8779,76.8779,0.02607
1679074080000.0,77.06675,77.0949,76.95824999999999,76.95824999999999,0.002476
1679074020000.0,77.0949,77.0949,77.06675,77.06675,0.0
1679073960000.0,77.09525,77.0956,77.0949,77.0949,0.00839
1679073900000.0,77.09660000000001,77.0977,77.09525,77.09525,0.024984
1679073840000.0,77.0977,77.0977,77.09665000000001,77.09665000000001,0.0
1679073780000.0,77.0977,77.0977,77.0977,77.0977,0.0
1679073720000.0,77.0977,77.0977,77.0977,77.0977,0.0
1679073660000.0,77.0977,77.0977,77.0977,77.0977,0.0
1679073600000.0,77.0977,77.0977,77.0977,77.0977,0.0
1679073540000.0,77.0977,77.0977,77.0977,77.0977,0.0
1679073480000.0,77.10390000000001,77.1101,77.0977,77.0977,0.016275
1679073420000.0,77.01165,77.1101,76.9132,77.10390000000001,0.02285
1679073360000.0,76.9132,77.01165,76.9132,77.01165,0.0
1679073300000.0,76.9132,76.9132,76.9132,76.9132,0.0
1679073240000.0,76.88782499999999,76.9587,76.8397,76.9132,0.00574
1679073180000.0,76.8397,76.87645,76.8397,76.87645,0.0
1679073120000.0,76.8397,76.8397,76.8397,76.8397,45.798659
1679073060000.0,76.8397,76.8397,76.8397,76.8397,0.0
1679073000000.0,76.8397,76.8397,76.8397,76.8397,0.0
1679072940000.0,76.8397,76.8397,76.8397,76.8397,0.0
1679072880000.0,76.8397,76.8397,76.8397,76.8397,0.0
1679072820000.0,76.8397,76.8397,76.8397,76.8397,0.0
1679072760000.0,76.90899999999999,76.9783,76.8397,76.8397,0.058925
1679072700000.0,76.8751,76.9783,76.7719,76.90899999999999,0.305537
1679072640000.0,76.7719,76.8751,76.7719,76.8751,0.0
1679072580000.0,76.77185,76.7719,76.7718,76.7719,0.204562
1679072520000.0,76.64585,76.77185,76.5199,76.77185,0.10686
1679072460000.0,76.5199,76.64585,76.5199,76.64585,0.0
1679072400000.0,76.5199,76.5199,76.5199,76.5199,0.0
1679072340000.0,76.5199,76.5199,76.5199,76.5199,0.0
1679072280000.0,76.5199,76.5199,76.5199,76.5199,0.0
1679072220000.0,76.5199,76.5199,76.5199,76.5199,0.0
1679072160000.0,76.5199,76.5199,76.5199,76.5199,0.0
1679072100000.0,76.5199,76.5199,76.5199,76.5199,0.0
1679072040000.0,76.522975,76.5322,76.5199,76.5199,0.648126
1679071980000.0,76.5199,76.5199,76.5199,76.5199,0.0
1679071920000.0,76.5199,76.5199,76.5199,76.5199,0.0
1679071860000.0,76.5199,76.5199,76.5199,76.5199,0.0
1679071800000.0,76.36395,76.5199,76.208,76.5199,0.102249
1679071740000.0,76.208,76.36395,76.208,76.36395,0.0
1679071680000.0,76.208,76.208,76.208,76.208,0.0
1679071620000.0,76.208,76.208,76.208,76.208,0.0
1679071560000.0,76.31042500000001,76.4129,76.208,76.208,9.584746
1679071500000.0,76.4128,76.4128,76.3104,76.3104,0.0
1679071440000.0,76.4128,76.4128,76.4128,76.4128,0.0
1679071380000.0,76.46815000000001,76.5235,76.4128,76.4128,0.005443
1679071320000.0,76.5235,76.5235,76.46815000000001,76.46815000000001,0.0
1679071260000.0,76.5235,76.5235,76.5235,76.5235,0.0
1679071200000.0,76.5235,76.5235,76.5235,76.5235,0.0
1679071140000.0,76.5235,76.5235,76.5235,76.5235,0.0
1679071080000.0,76.5111,76.5235,76.4867,76.5235,0.012468
1679071020000.0,76.5963,76.6819,76.5107,76.5171,0.0045
1679070960000.0,76.6819,76.6819,76.5963,76.5963,0.0
1679070900000.0,76.6819,76.6819,76.6819,76.6819,0.0
1679070840000.0,76.6819,76.6819,76.6819,76.6819,0.0
1679070780000.0,76.6819,76.6819,76.6819,76.6819,0.0
1679070720000.0,76.6819,76.6819,76.6819,76.6819,0.0
1679070660000.0,76.712225,76.8245,76.6244,76.6819,3.443586
1679070600000.0,76.64965000000001,76.7181,76.5812,76.7,0.049168
1679070540000.0,76.613475,76.6884,76.4959,76.64965000000001,5.125227
1679070480000.0,76.6884,76.6884,76.6348,76.6348,0.010973
1679070420000.0,76.76595,76.8435,76.6884,76.6884,0.001418
1679070360000.0,76.76595,76.8435,76.6884,76.76595,0.010295
1679070300000.0,76.738,76.7876,76.6884,76.76595,0.016535
1679070240000.0,76.7876,76.7876,76.738,76.738,0.0
1679070180000.0,76.7876,76.7876,76.7876,76.7876,0.0
1679070120000.0,76.90625,77.0249,76.7876,76.7876,0.054167
1679070060000.0,76.97552499999999,77.0252,76.90625,76.90625,0.070078
1679070000000.0,76.926,76.97545,76.926,76.97545,0.0
1679069940000.0,76.95215,76.9783,76.926,76.926,0.0033
1679069880000.0,76.9783,76.9783,76.95215,76.95215,0.0
1679069820000.0,76.9783,76.9783,76.9783,76.9783,0.0
1679069760000.0,76.9783,76.9783,76.9783,76.9783,0.0
1679069700000.0,76.9783,76.9783,76.9783,76.9783,0.0
1679069640000.0,76.8751,76.9783,76.7719,76.9783,0.201834
1679069580000.0,76.7719,76.8751,76.7719,76.8751,0.0
1679069520000.0,76.7719,76.7719,76.7719,76.7719,0.0
1679069460000.0,76.7719,76.7719,76.7719,76.7719,0.0
1679069400000.0,76.7719,76.7719,76.7719,76.7719,0.0
1679069340000.0,76.7294,76.7719,76.6869,76.7719,0.210545
1679069280000.0,76.6869,76.7294,76.6869,76.7294,0.0
1679069220000.0,76.6869,76.6869,76.6869,76.6869,0.0
1679069160000.0,76.6869,76.6869,76.6869,76.6869,0.0
1679069100000.0,76.6869,76.6869,76.6869,76.6869,0.0
1679069040000.0,76.62645,76.6869,76.566,76.6869,0.02268
1679068980000.0,76.566,76.62645,76.566,76.62645,0.0
1679068920000.0,76.566,76.566,76.566,76.566,0.0
1679068860000.0,76.4764,76.566,76.3868,76.566,0.246233
1679068800000.0,76.3868,76.4764,76.3868,76.4764,0.0
1679068740000.0,76.3868,76.3868,76.3868,76.3868,0.0
1679068680000.0,76.45124999999999,76.5157,76.3868,76.3868,0.001719
1679068620000.0,76.5157,76.5157,76.45124999999999,76.45124999999999,0.0
1679068560000.0,76.5157,76.5157,76.5157,76.5157,0.0
1679068500000.0,76.521,76.5263,76.5157,76.5157,0.001326
1679068440000.0,76.5263,76.5263,76.521,76.521,0.0
1679068380000.0,76.5263,76.5263,76.5263,76.5263,0.0
1679068320000.0,76.5263,76.5263,76.5263,76.5263,0.0
1679068260000.0,76.43955,76.5263,76.3528,76.5263,0.005223
1679068200000.0,76.3185,76.43955,76.2842,76.43955,0.003182
1679068140000.0,76.339,76.3938,76.2842,76.3185,0.003157
1679068080000.0,76.3882,76.3938,76.339,76.339,0.01659
1679068020000.0,76.2786,76.3882,76.1746,76.3882,0.001012
1679067960000.0,76.1746,76.2786,76.1746,76.2786,0.0
1679067900000.0,76.1746,76.1746,76.1746,76.1746,0.0
1679067840000.0,76.1746,76.1746,76.1746,76.1746,0.0
1679067780000.0,76.28835,76.4491,76.1746,76.1746,0.004131
1679067720000.0,76.3551,76.3551,76.26485,76.26485,0.0
1679067660000.0,76.3551,76.3551,76.3551,76.3551,0.0
1679067600000.0,76.3551,76.3551,76.3551,76.3551,0.0
1679067540000.0,76.4062,76.4573,76.3551,76.3551,0.001014
1679067480000.0,76.468,76.4787,76.4062,76.4062,0.023459
1679067420000.0,76.4787,76.4787,76.468,76.468,0.0
1679067360000.0,76.27312500000001,76.4948,76.0595,76.4787,0.015975
1679067300000.0,76.0595,76.26910000000001,76.0595,76.26910000000001,0.0
1679067240000.0,76.0595,76.0595,76.0595,76.0595,0.0
1679067180000.0,76.0595,76.0595,76.0595,76.0595,0.0
1679067120000.0,76.0595,76.0595,76.0595,76.0595,0.0
1679067060000.0,76.14525,76.231,76.0595,76.0595,0.026179
1679067000000.0,76.14375,76.231,76.0565,76.14525,0.00127
1679066940000.0,76.15365,76.2508,76.0565,76.14375,0.004241
1679066880000.0,76.17855,76.2508,76.0565,76.15365,0.037411
1679066820000.0,76.1561,76.20345,76.1561,76.20345,0.0
1679066760000.0,76.28575000000001,76.4154,76.1561,76.1561,0.291756
1679066700000.0,76.444675,76.5377,76.28575000000001,76.28575000000001,0.009288
1679066640000.0,76.54440000000001,76.6958,76.4128,76.4141,0.310207
1679066580000.0,76.67672499999999,76.796,76.5345,76.53450000000001,0.006047
1679066520000.0,76.760675,76.8339,76.6684,76.6882,0.194533
1679066460000.0,76.8392,76.8622,76.7702,76.7702,0.448571
1679066400000.0,76.87087500000001,76.9557,76.8067,76.8412,1.280056
1679066340000.0,76.89840000000001,76.9783,76.8303,76.86055,0.915147
1679066280000.0,76.894975,76.948,76.8478,76.89250000000001,1.050137
1679066220000.0,76.735525,76.9521,76.566,76.89205000000001,4.36764
1679066160000.0,76.566,76.712,76.566,76.712,0.0
1679066100000.0,76.55185,76.566,76.5377,76.566,0.203707
1679066040000.0,76.44835,76.55185,76.359,76.55185,0.1
1679065980000.0,76.359,76.44835,76.359,76.44835,0.0
1679065920000.0,76.359,76.359,76.359,76.359,0.0
1679065860000.0,76.3489,76.359,76.3388,76.359,0.2
1679065800000.0,76.3388,76.3489,76.3388,76.3489,0.0
1679065740000.0,76.3388,76.3388,76.3388,76.3388,0.100972
1679065680000.0,76.2112,76.3388,76.0836,76.3388,0.001001
1679065620000.0,76.13985,76.2112,76.0836,76.2112,0.006085
1679065560000.0,76.202,76.2079,76.13985,76.13985,0.004658
1679065500000.0,76.41235,76.6168,76.202,76.202,0.203
1679065440000.0,76.5914,76.6168,76.41235,76.41235,0.162865
1679065380000.0,76.35759999999999,76.5914,76.1492,76.5914,0.702049
1679065320000.0,76.1492,76.35759999999999,76.1492,76.35759999999999,0.0
1679065260000.0,76.14574999999999,76.1492,76.1423,76.1492,0.001125
1679065200000.0,76.1423,76.14574999999999,76.1423,76.14574999999999,0.0
1679065140000.0,76.07825,76.1423,76.0142,76.1423,0.2
1679065080000.0,76.026425,76.07825,75.9769,76.07825,0.004533
1679065020000.0,76.0573,76.0573,76.03575000000001,76.03575000000001,0.0
1679064960000.0,76.0573,76.0573,76.0573,76.0573,0.0
1679064900000.0,76.0573,76.0573,76.0573,76.0573,0.0
1679064840000.0,76.0573,76.0573,76.0573,76.0573,0.0
1679064780000.0,76.0573,76.0573,76.0573,76.0573,0.0
1679064720000.0,76.0573,76.0573,76.0573,76.0573,0.0
1679064660000.0,76.0573,76.0573,76.0573,76.0573,0.0
1679064600000.0,76.07444999999998,76.1809,76.0298,76.0573,0.217298
1679064540000.0,76.0298,76.04355,76.0298,76.04355,0.0
1679064480000.0,76.0298,76.0298,76.0298,76.0298,0.0
1679064420000.0,76.0073,76.0298,75.9848,76.0298,0.106921
1679064360000.0,75.8884,76.0073,75.792,76.0073,0.101372
1679064300000.0,75.8978,76.0036,75.792,75.8884,2.507311
1679064240000.0,76.0036,76.0036,75.8978,75.8978,0.0
1679064180000.0,76.09255,76.1815,76.0036,76.0036,0.207394
1679064120000.0,76.29715,76.4128,76.09255,76.09255,1.437068
1679064060000.0,76.4128,76.4128,76.29715,76.29715,0.0
1679064000000.0,76.47364999999999,76.5345,76.4128,76.4128,0.726722
1679063940000.0,76.73124999999999,76.928,76.47364999999999,76.47364999999999,0.211381
1679063880000.0,76.928,76.928,76.73124999999999,76.73124999999999,0.0
1679063820000.0,77.01145,77.0949,76.928,76.928,0.00519
1679063760000.0,77.0949,77.0949,77.01145,77.01145,0.0
1679063700000.0,77.0949,77.0949,77.0949,77.0949,0.0
1679063640000.0,77.0949,77.0949,77.0949,77.0949,0.0
1679063580000.0,77.082025,77.0949,77.0622,77.0949,0.002279
1679063520000.0,77.03655,77.0855,76.997,77.0855,0.2
1679063460000.0,76.83279999999999,77.03655,76.6686,77.03655,10.3
1679063400000.0,76.7122,76.843,76.6686,76.83279999999999,0.012877
1679063340000.0,76.7579,76.8472,76.6686,76.6686,0.244078
1679063280000.0,77.09145000000001,77.3357,76.7579,76.7579,1.161633
1679063220000.0,77.35265000000001,77.3696,77.09145000000001,77.09145000000001,0.520133
1679063160000.0,77.46235,77.5551,77.35265000000001,77.35265000000001,3.936388
1679063100000.0,77.60435,77.6536,77.46235,77.46235,0.219949
1679063040000.0,77.6536,77.6536,77.60435,77.60435,0.0
1679062980000.0,77.6536,77.6536,77.6536,77.6536,0.0
1679062920000.0,77.6536,77.6536,77.6536,77.6536,0.0
1679062860000.0,77.6536,77.6536,77.6536,77.6536,0.0
1679062800000.0,77.75184999999999,77.8501,77.6536,77.6536,0.012461
1679062740000.0,77.8501,77.8501,77.75184999999999,77.75184999999999,0.0
1679062680000.0,77.8501,77.8501,77.8501,77.8501,0.0
1679062620000.0,77.8501,77.8501,77.8501,77.8501,0.0
1679062560000.0,77.8501,77.8501,77.8501,77.8501,0.0
1679062500000.0,77.753625,77.8501,77.655,77.8501,0.113652
1679062440000.0,77.92275000000001,78.1862,77.6593,77.7547,0.001327
1679062380000.0,78.1862,78.1862,77.92275000000001,77.92275000000001,0.0
1679062320000.0,78.1862,78.1862,78.1862,78.1862,0.0
1679062260000.0,78.1862,78.1862,78.1862,78.1862,0.0
1679062200000.0,78.1862,78.1862,78.1862,78.1862,0.0
1679062140000.0,78.1862,78.1862,78.1862,78.1862,0.0
1679062080000.0,78.1862,78.1862,78.1862,78.1862,0.0
1679062020000.0,78.1862,78.1862,78.1862,78.1862,0.0
1679061960000.0,78.1862,78.1862,78.1862,78.1862,0.0
1679061900000.0,78.10795,78.1862,78.0297,78.1862,0.201042
1679061840000.0,77.9929,78.10795,77.9561,78.10795,0.3047
1679061780000.0,77.9561,77.9929,77.9561,77.9929,0.0
1679061720000.0,77.90365,77.9561,77.8512,77.9561,0.237985
1679061660000.0,77.83795,77.90365,77.8247,77.90365,0.005129
1679061600000.0,77.7275,77.83795,77.6303,77.83795,0.004497
1679061540000.0,77.6303,77.7275,77.6303,77.7275,0.0
1679061480000.0,77.6303,77.6303,77.6303,77.6303,0.0
1679061420000.0,77.6303,77.6303,77.6303,77.6303,0.0
1679061360000.0,77.61575,77.6303,77.6012,77.6303,0.299
1679061300000.0,77.5233,77.61575,77.4454,77.61575,0.004876
1679061240000.0,77.4454,77.5233,77.4454,77.5233,0.0
1679061180000.0,77.45065,77.4559,77.4454,77.4454,0.001383
1679061120000.0,77.5303,77.6047,77.45065,77.45065,12.639495
1679061060000.0,77.6047,77.6047,77.5303,77.5303,0.0
1679061000000.0,77.6047,77.6047,77.6047,77.6047,0.0
1679060940000.0,77.63075,77.6568,77.6047,77.6047,0.202352
1679060880000.0,77.6568,77.6568,77.63075,77.63075,0.0
1679060820000.0,77.8073,77.9578,77.6568,77.6568,0.01609
1679060760000.0,77.9578,77.9578,77.8073,77.8073,0.0
1679060700000.0,78.00862500000001,78.0892,77.9578,77.9578,9.789003
1679060640000.0,78.0297,78.0297,77.99375,77.99375,0.0
1679060580000.0,78.0297,78.0297,78.0297,78.0297,0.0
1679060520000.0,78.0297,78.0297,78.0297,78.0297,0.0
1679060460000.0,78.0297,78.0297,78.0297,78.0297,0.0
1679060400000.0,78.0297,78.0297,78.0297,78.0297,0.0
1679060340000.0,77.86075,78.0297,77.6918,78.0297,0.202836
1679060280000.0,77.6918,77.86075,77.6918,77.86075,0.0
1679060220000.0,77.6918,77.6918,77.6918,77.6918,0.0
1679060160000.0,77.792175,77.971,77.5349,77.6918,1.002292
1679060100000.0,77.971,77.971,77.8314,77.8314,0.0
1679060040000.0,77.971,77.971,77.971,77.971,0.0
1679059980000.0,77.91875,77.971,77.8665,77.971,0.005159
1679059920000.0,77.84905,77.91875,77.8316,77.91875,0.018369
1679059860000.0,77.91692499999999,78.0113,77.8316,77.84905,0.023243
1679059800000.0,77.9846,78.0678,77.91239999999999,77.91239999999999,0.009762
1679059740000.0,77.927875,77.96594999999999,77.9166,77.96594999999999,0.04398
1679059680000.0,77.87305,77.92765,77.8295,77.92765,0.012912
1679059620000.0,78.02105,78.2126,77.8295,77.87305,0.042123
1679059560000.0,78.12115,78.2126,78.02105,78.02105,0.101645
1679059500000.0,77.98245,78.12115,77.9352,78.12115,0.001277
1679059440000.0,77.9352,77.98245,77.9352,77.98245,0.0
1679059380000.0,77.9352,77.9352,77.9352,77.9352,0.0
1679059320000.0,77.9352,77.9352,77.9352,77.9352,0.0
1679059260000.0,77.9352,77.9352,77.9352,77.9352,0.0
1679059200000.0,77.9352,77.9352,77.9352,77.9352,0.0
1679059140000.0,77.9599,77.9846,77.9352,77.9352,0.001384
1679059080000.0,78.00225,78.0213,77.9599,77.9599,0.069699
1679059020000.0,78.0185,78.0185,78.00155000000001,78.00155000000001,0.0
1679058960000.0,77.96435,78.0185,77.9102,78.0185,0.221181
1679058900000.0,77.9102,77.96435,77.9102,77.96435,0.0
1679058840000.0,77.9102,77.9102,77.9102,77.9102,0.0
1679058780000.0,77.9102,77.9102,77.9102,77.9102,0.0
1679058720000.0,77.9102,77.9102,77.9102,77.9102,0.0
1679058660000.0,77.9102,77.9102,77.9102,77.9102,0.0
1679058600000.0,77.9102,77.9102,77.9102,77.9102,0.0
1679058540000.0,77.72995,77.9102,77.5497,77.9102,0.007779
1679058480000.0,77.5497,77.72995,77.5497,77.72995,0.0
1679058420000.0,77.5497,77.5497,77.5497,77.5497,0.0
1679058360000.0,77.5497,77.5497,77.5497,77.5497,0.0
1679058300000.0,77.5497,77.5497,77.5497,77.5497,0.0
1679058240000.0,77.5497,77.5497,77.5497,77.5497,0.0
1679058180000.0,77.5497,77.5497,77.5497,77.5497,0.0
1679058120000.0,77.5497,77.5497,77.5497,77.5497,0.0
1679058060000.0,77.62610000000001,77.7025,77.5497,77.5497,0.001118
1679058000000.0,77.7025,77.7025,77.62610000000001,77.62610000000001,0.0
1679057940000.0,77.7025,77.7025,77.7025,77.7025,0.0
1679057880000.0,77.7025,77.7025,77.7025,77.7025,0.0
1679057820000.0,77.7025,77.7025,77.7025,77.7025,0.0
1679057760000.0,77.7025,77.7025,77.7025,77.7025,0.0
1679057700000.0,77.7025,77.7025,77.7025,77.7025,0.0
1679057640000.0,77.6539,77.7025,77.6053,77.7025,0.001961
1679057580000.0,77.6053,77.6539,77.6053,77.6539,0.0
1679057520000.0,77.6053,77.6053,77.6053,77.6053,0.0
1679057460000.0,77.66919999999999,77.7331,77.6053,77.6053,0.028287
1679057400000.0,77.7331,77.7331,77.66919999999999,77.66919999999999,0.0
1679057340000.0,77.7331,77.7331,77.7331,77.7331,0.0
1679057280000.0,77.7331,77.7331,77.7331,77.7331,0.0
1679057220000.0,77.7331,77.7331,77.7331,77.7331,0.0
1679057160000.0,77.7331,77.7331,77.7331,77.7331,0.0
1679057100000.0,77.7331,77.7331,77.7331,77.7331,0.0
1679057040000.0,77.7331,77.7331,77.7331,77.7331,0.0
1679056980000.0,77.7331,77.7331,77.7331,77.7331,0.0
1679056920000.0,77.7331,77.7331,77.7331,77.7331,0.0
1679056860000.0,77.5893,77.7331,77.4455,77.7331,0.1
1679056800000.0,77.51145,77.5893,77.4455,77.5893,0.042173
1679056740000.0,77.5774,77.5774,77.51145,77.51145,0.0
1679056680000.0,77.73995,77.9025,77.5774,77.5774,0.407825
1679056620000.0,77.9602,78.0179,77.73995,77.73995,0.007596
1679056560000.0,78.0179,78.0179,77.9602,77.9602,0.0
1679056500000.0,78.0179,78.0179,78.0179,78.0179,0.0
1679056440000.0,78.0179,78.0179,78.0179,78.0179,0.0
1679056380000.0,78.0179,78.0179,78.0179,78.0179,0.0
1679056320000.0,78.0179,78.0179,78.0179,78.0179,0.0
1679056260000.0,78.0179,78.0179,78.0179,78.0179,0.0
1679056200000.0,77.964225,78.0179,77.853,78.0179,0.031648
1679056140000.0,77.8623,77.993,77.7565,77.993,0.014504
1679056080000.0,77.89925,78.042,77.7565,77.8623,0.011827
1679056020000.0,78.042,78.042,77.89925,77.89925,0.0
1679055960000.0,77.96825,78.042,77.8945,78.042,0.06422
1679055900000.0,77.85592499999998,78.0748,77.7272,77.96825,0.016589
1679055840000.0,77.7272,77.81084999999999,77.7272,77.81084999999999,0.0
1679055780000.0,77.7272,77.7272,77.7272,77.7272,0.0
1679055720000.0,77.7272,77.7272,77.7272,77.7272,0.0
1679055660000.0,77.7272,77.7272,77.7272,77.7272,0.0
1679055600000.0,77.7272,77.7272,77.7272,77.7272,0.0
1679055540000.0,77.7272,77.7272,77.7272,77.7272,0.0
1679055480000.0,77.7272,77.7272,77.7272,77.7272,0.0
1679055420000.0,77.9071,78.1023,77.7272,77.7272,26.361047
1679055360000.0,78.0717,78.0717,77.89945,77.89945,0.0
1679055300000.0,78.13560000000001,78.1995,78.0717,78.0717,0.005666
1679055240000.0,78.1995,78.1995,78.13560000000001,78.13560000000001,0.0
1679055180000.0,78.1995,78.1995,78.1995,78.1995,0.0
1679055120000.0,78.21459999999999,78.2297,78.1995,78.1995,0.00454
1679055060000.0,78.2297,78.2297,78.21459999999999,78.21459999999999,0.0
1679055000000.0,78.2297,78.2297,78.2297,78.2297,0.0
1679054940000.0,78.29044999999999,78.3512,78.2297,78.2297,0.298509
1679054880000.0,78.43025,78.5093,78.29044999999999,78.29044999999999,0.001975
1679054820000.0,78.43025,78.5093,78.3512,78.43025,0.001221
1679054760000.0,78.55520000000001,78.7592,78.3512,78.43025,0.003491
1679054700000.0,78.76820000000001,78.7772,78.55520000000001,78.55520000000001,0.004882
1679054640000.0,78.731,78.7772,78.6848,78.76820000000001,0.004003
1679054580000.0,78.6848,78.731,78.6848,78.731,0.0
1679054520000.0,78.6848,78.6848,78.6848,78.6848,0.0
1679054460000.0,78.6848,78.6848,78.6848,78.6848,0.0
1679054400000.0,78.6848,78.6848,78.6848,78.6848,0.0
1679054340000.0,78.6848,78.6848,78.6848,78.6848,0.0
1679054280000.0,78.62877499999999,78.6848,78.5705,78.6848,1.358636
1679054220000.0,78.575,78.62989999999999,78.575,78.62989999999999,0.0
1679054160000.0,78.575,78.575,78.575,78.575,0.0
1679054100000.0,78.58947500000001,78.6127,78.575,78.575,0.023717
1679054040000.0,78.5952,78.5952,78.58510000000001,78.58510000000001,0.0
1679053980000.0,78.43265,78.5952,78.2701,78.5952,0.003924
1679053920000.0,78.2701,78.43265,78.2701,78.43265,0.0
1679053860000.0,78.2701,78.2701,78.2701,78.2701,0.0
1679053800000.0,78.2701,78.2701,78.2701,78.2701,0.0
1679053740000.0,78.2701,78.2701,78.2701,78.2701,0.0
1679053680000.0,78.2701,78.2701,78.2701,78.2701,0.0
1679053620000.0,78.2701,78.2701,78.2701,78.2701,0.0
1679053560000.0,78.37035,78.4706,78.2701,78.2701,0.013441
1679053500000.0,78.4706,78.4706,78.37035,78.37035,0.0
1679053440000.0,78.4706,78.4706,78.4706,78.4706,0.0
1679053380000.0,78.47105,78.5364,78.4386,78.4706,0.017538
1679053320000.0,78.42425,78.4546,78.4099,78.4546,0.201126
1679053260000.0,78.4189,78.4279,78.4099,78.42425,0.001021
1679053200000.0,78.4279,78.4279,78.4189,78.4189,0.0
1679053140000.0,78.4279,78.4279,78.4279,78.4279,0.0
1679053080000.0,78.4279,78.4279,78.4279,78.4279,0.0
1679053020000.0,78.4279,78.4279,78.4279,78.4279,0.0
1679052960000.0,78.4279,78.4279,78.4279,78.4279,0.255012
1679052900000.0,78.4279,78.4279,78.4279,78.4279,0.0
1679052840000.0,78.33885,78.4279,78.2498,78.4279,0.026594
1679052780000.0,78.2498,78.33885,78.2498,78.33885,0.0
1679052720000.0,78.2442,78.2498,78.2275,78.2498,0.019408
1679052660000.0,78.272425,78.2972,78.2456,78.24975,0.011143
1679052600000.0,78.1866,78.2972,78.076,78.27345,0.006208
1679052540000.0,78.204,78.332,78.076,78.1866,0.101631
1679052480000.0,78.332,78.332,78.204,78.204,0.008723
1679052420000.0,78.332,78.332,78.332,78.332,0.0
1679052360000.0,78.19635,78.332,78.0607,78.332,0.048347
1679052300000.0,78.0607,78.19635,78.0607,78.19635,0.0
1679052240000.0,78.0607,78.0607,78.0607,78.0607,0.0
1679052180000.0,78.0607,78.0607,78.0607,78.0607,0.0
1679052120000.0,78.23775,78.4148,78.0607,78.0607,2.0
1679052060000.0,78.4148,78.4148,78.23775,78.23775,0.0
1679052000000.0,78.4148,78.4148,78.4148,78.4148,0.0
1679051940000.0,78.4148,78.4148,78.4148,78.4148,0.0
1679051880000.0,78.4148,78.4148,78.4148,78.4148,0.0
1679051820000.0,78.4148,78.4148,78.4148,78.4148,0.0
1679051760000.0,78.4148,78.4148,78.4148,78.4148,0.0
1679051700000.0,78.37955,78.4148,78.3443,78.4148,0.001145
1679051640000.0,78.37915000000001,78.414,78.3443,78.37955,0.016492
1679051580000.0,78.43505,78.4853,78.3756,78.37915000000001,0.089327
1679051520000.0,78.304,78.4653,78.1427,78.43965,0.103668
1679051460000.0,78.1427,78.304,78.1427,78.304,0.0
1679051400000.0,78.1427,78.1427,78.1427,78.1427,0.0
1679051340000.0,78.1427,78.1427,78.1427,78.1427,0.0
1679051280000.0,78.1427,78.1427,78.1427,78.1427,0.0
1679051220000.0,78.1427,78.1427,78.1427,78.1427,0.0
1679051160000.0,78.25167499999999,78.4362,78.1427,78.1427,0.15376
1679051100000.0,78.2851,78.2851,78.2139,78.2139,0.0
1679051040000.0,78.21379999999999,78.2851,78.1425,78.2851,0.002628
1679050980000.0,78.1425,78.21379999999999,78.1425,78.21379999999999,0.0
1679050920000.0,78.1425,78.1425,78.1425,78.1425,0.0
1679050860000.0,78.1425,78.1425,78.1425,78.1425,0.0
1679050800000.0,78.38589999999999,78.6293,78.1425,78.1425,1.211546
1679050740000.0,78.6293,78.6293,78.38589999999999,78.38589999999999,0.0
1679050680000.0,78.6293,78.6293,78.6293,78.6293,0.0
1679050620000.0,78.6293,78.6293,78.6293,78.6293,0.0
1679050560000.0,78.60135,78.6293,78.5734,78.6293,0.003104
1679050500000.0,78.55665,78.60135,78.5399,78.60135,0.002922
1679050440000.0,78.5399,78.55665,78.5399,78.55665,0.0
1679050380000.0,78.53880000000001,78.5399,78.5377,78.5399,0.116352
1679050320000.0,78.5377,78.53880000000001,78.5377,78.53880000000001,0.0
1679050260000.0,78.5377,78.5377,78.5377,78.5377,0.0
1679050200000.0,78.5377,78.5377,78.5377,78.5377,0.0
1679050140000.0,78.5377,78.5377,78.5377,78.5377,0.0
1679050080000.0,78.5377,78.5377,78.5377,78.5377,0.0
1679050020000.0,78.53685,78.5377,78.536,78.5377,0.050931
1679049960000.0,78.488125,78.5393,78.4386,78.53685,0.01585
1679049900000.0,78.4386,78.4873,78.4386,78.4873,0.0
1679049840000.0,78.41014999999999,78.4386,78.3817,78.4386,0.198843
1679049780000.0,78.3817,78.41014999999999,78.3817,78.41014999999999,0.0
1679049720000.0,78.305,78.3817,78.2283,78.3817,1.062426
1679049660000.0,78.2283,78.305,78.2283,78.305,0.05273
1679049600000.0,78.22755000000001,78.2283,78.2268,78.2283,0.033791
1679049540000.0,78.2273,78.2278,78.2268,78.22755000000001,0.006021
1679049480000.0,78.1463,78.2278,78.0648,78.2273,0.001444
1679049420000.0,78.02535,78.1463,77.9859,78.1463,0.377992
1679049360000.0,77.9859,78.02535,77.9859,78.02535,0.0
1679049300000.0,77.9859,77.9859,77.9859,77.9859,0.0
1679049240000.0,78.0022,78.0185,77.9859,77.9859,0.046475
1679049180000.0,78.0185,78.0185,78.0022,78.0022,0.0
1679049120000.0,78.0185,78.0185,78.0185,78.0185,0.0
1679049060000.0,78.0185,78.0185,78.0185,78.0185,0.005087
1679049000000.0,78.0185,78.0185,78.0185,78.0185,0.0
1679048940000.0,77.91499999999999,78.0185,77.8115,78.0185,0.084425
1679048880000.0,77.90447499999999,78.0156,77.8115,77.91499999999999,0.042511
1679048820000.0,77.9793,77.9793,77.8954,77.8954,0.0
1679048760000.0,77.967775,77.9884,77.915,77.9793,0.156645
1679048700000.0,77.94704999999999,78.0156,77.8921,77.98384999999999,0.022201
1679048640000.0,77.8921,77.94024999999999,77.8921,77.94024999999999,0.0
1679048580000.0,77.8257,77.8921,77.7593,77.8921,1.043647
1679048520000.0,77.6143,77.8257,77.4693,77.8257,0.002922
1679048460000.0,77.4693,77.6143,77.4693,77.6143,0.0
1679048400000.0,77.4693,77.4693,77.4693,77.4693,0.0
1679048340000.0,77.4693,77.4693,77.4693,77.4693,0.0
1679048280000.0,77.4693,77.4693,77.4693,77.4693,0.0
1679048220000.0,77.4693,77.4693,77.4693,77.4693,0.0
1679048160000.0,77.56315000000001,77.657,77.4693,77.4693,0.012724
1679048100000.0,77.657,77.657,77.56315000000001,77.56315000000001,0.0
1679048040000.0,77.657,77.657,77.657,77.657,0.0
1679047980000.0,77.648,77.657,77.639,77.657,0.004295
1679047920000.0,77.6199,77.648,77.6008,77.648,0.001984
1679047860000.0,77.6008,77.6199,77.6008,77.6199,0.0
1679047800000.0,77.6008,77.6008,77.6008,77.6008,0.0
1679047740000.0,77.5453,77.6008,77.4898,77.6008,0.32059
1679047680000.0,77.4898,77.5453,77.4898,77.5453,0.0
1679047620000.0,77.4898,77.4898,77.4898,77.4898,0.0
1679047560000.0,77.4898,77.4898,77.4898,77.4898,0.001668
1679047500000.0,77.44125,77.4898,77.3927,77.4898,0.001254
1679047440000.0,77.3927,77.44125,77.3927,77.44125,0.0
1679047380000.0,77.3927,77.3927,77.3927,77.3927,0.200161
1679047320000.0,77.3927,77.3927,77.3927,77.3927,0.0
1679047260000.0,77.3927,77.3927,77.3927,77.3927,0.0
1679047200000.0,77.3927,77.3927,77.3927,77.3927,0.0
1679047140000.0,77.3927,77.3927,77.3927,77.3927,0.0
1679047080000.0,77.35885,77.3927,77.325,77.3927,0.00137
1679047020000.0,77.325,77.35885,77.325,77.35885,0.0
1679046960000.0,77.325,77.325,77.325,77.325,0.0
1679046900000.0,77.3104,77.3926,77.262,77.325,0.004013
1679046840000.0,77.262,77.2935,77.262,77.2935,0.0
1679046780000.0,77.19295,77.262,77.1239,77.262,0.008116
1679046720000.0,77.1239,77.19295,77.1239,77.19295,0.0
1679046660000.0,77.1239,77.1239,77.1239,77.1239,0.0
1679046600000.0,77.08515,77.1239,77.0464,77.1239,0.002096
1679046540000.0,77.0464,77.08515,77.0464,77.08515,0.0
1679046480000.0,77.0464,77.0464,77.0464,77.0464,0.0
1679046420000.0,77.07615000000001,77.1059,77.0464,77.0464,0.001147
1679046360000.0,77.1059,77.1059,77.07615000000001,77.07615000000001,0.0
1679046300000.0,77.13915,77.1724,77.1059,77.1059,0.002213
1679046240000.0,77.1724,77.1724,77.13915,77.13915,0.0
1679046180000.0,77.1724,77.1724,77.1724,77.1724,0.0
1679046120000.0,77.1724,77.1724,77.1724,77.1724,0.0
1679046060000.0,77.1724,77.1724,77.1724,77.1724,0.0
1679046000000.0,77.21709999999999,77.2618,77.1724,77.1724,0.01017
1679045940000.0,77.2213,77.2618,77.1808,77.21709999999999,0.001908
1679045880000.0,77.1808,77.2213,77.1808,77.2213,0.0
1679045820000.0,77.1808,77.1808,77.1808,77.1808,0.0
1679045760000.0,77.165225,77.1808,77.1496,77.1808,0.0078
1679045700000.0,77.19704999999999,77.2447,77.1491,77.16525,0.013486
1679045640000.0,77.2447,77.2447,77.1972,77.1972,0.0
1679045580000.0,77.2447,77.2447,77.2447,77.2447,0.0
1679045520000.0,77.2447,77.2447,77.2447,77.2447,0.0
1679045460000.0,77.1678,77.2447,77.0181,77.2447,0.041889
1679045400000.0,77.1637,77.2042,77.1637,77.2042,0.0
1679045340000.0,77.0909,77.1637,77.0181,77.1637,0.008057
1679045280000.0,77.0969,77.1757,77.0181,77.0909,0.004194
1679045220000.0,77.1757,77.1757,77.0969,77.0969,0.0
1679045160000.0,77.125225,77.1757,77.0181,77.1757,0.061077
1679045100000.0,77.15355,77.1757,77.1314,77.15355,0.001094
1679045040000.0,77.1757,77.1757,77.15355,77.15355,0.0
1679044980000.0,77.1757,77.1757,77.1757,77.1757,0.0
1679044920000.0,77.1757,77.1757,77.1757,77.1757,0.0
1679044860000.0,77.1757,77.1757,77.1757,77.1757,0.0
1679044800000.0,77.1757,77.1757,77.1757,77.1757,0.0
1679044740000.0,77.1757,77.1757,77.1757,77.1757,0.0
1679044680000.0,77.159125,77.201,77.0588,77.1757,0.019491
1679044620000.0,77.201,77.201,77.18835,77.18835,0.0
1679044560000.0,77.201,77.201,77.201,77.201,0.0
1679044500000.0,77.201,77.201,77.201,77.201,0.0
1679044440000.0,77.201,77.201,77.201,77.201,0.0
1679044380000.0,77.201,77.201,77.201,77.201,0.0
1679044320000.0,77.201,77.201,77.201,77.201,0.0
1679044260000.0,77.201,77.201,77.201,77.201,0.0
1679044200000.0,77.201,77.201,77.201,77.201,0.0
1679044140000.0,77.201,77.201,77.201,77.201,0.0
1679044080000.0,77.201,77.201,77.201,77.201,0.0
1679044020000.0,77.201,77.201,77.201,77.201,0.0
1679043960000.0,77.201,77.201,77.201,77.201,0.0
1679043900000.0,77.201,77.201,77.201,77.201,0.0
1679043840000.0,77.201,77.201,77.201,77.201,0.0
1679043780000.0,77.201,77.201,77.201,77.201,0.0
1679043720000.0,77.201,77.201,77.201,77.201,0.0
1679043660000.0,77.18764999999999,77.201,77.1743,77.201,0.001012
1679043600000.0,77.1743,77.18764999999999,77.1743,77.18764999999999,0.0
1679043540000.0,77.1743,77.1743,77.1743,77.1743,0.0
1679043480000.0,77.1743,77.1743,77.1743,77.1743,0.0
1679043420000.0,77.1743,77.1743,77.1743,77.1743,0.0
1679043360000.0,77.18095,77.1876,77.1743,77.1743,0.013391
1679043300000.0,77.1487,77.1876,77.1098,77.18095,0.003124
1679043240000.0,77.1098,77.1487,77.1098,77.1487,0.0
1679043180000.0,77.1098,77.1098,77.1098,77.1098,0.0
1679043120000.0,77.1098,77.1098,77.1098,77.1098,0.0
1679043060000.0,77.1098,77.1098,77.1098,77.1098,0.0
1679043000000.0,77.10495,77.1098,77.1001,77.1098,0.001978
1679042940000.0,77.09405,77.10495,77.088,77.10495,0.001859
1679042880000.0,77.088,77.09405,77.088,77.09405,0.0
1679042820000.0,77.088,77.088,77.088,77.088,0.001622
1679042760000.0,77.08635,77.088,77.0847,77.088,0.007732
1679042700000.0,77.0847,77.08635,77.0847,77.08635,0.0
1679042640000.0,77.11205,77.1394,77.0847,77.0847,0.002955
1679042580000.0,77.1394,77.1394,77.11205,77.11205,0.0
1679042520000.0,77.1394,77.1394,77.1394,77.1394,0.0
1679042460000.0,77.1394,77.1394,77.1394,77.1394,0.0
1679042400000.0,77.13782499999999,77.1461,77.1197,77.1394,0.024768
1679042340000.0,77.1461,77.1461,77.14275,77.14275,0.0
1679042280000.0,77.1461,77.1461,77.1461,77.1461,0.0
1679042220000.0,77.04015000000001,77.1461,76.9342,77.1461,0.00521
1679042160000.0,76.9342,77.04015000000001,76.9342,77.04015000000001,0.0
1679042100000.0,76.9342,76.9342,76.9342,76.9342,0.0
1679042040000.0,76.9342,76.9342,76.9342,76.9342,0.0
1679041980000.0,77.0184,77.1026,76.9342,76.9342,0.219859
1679041920000.0,77.12674999999999,77.1509,77.0184,77.0184,0.1
1679041860000.0,77.216325,77.2837,77.12674999999999,77.12674999999999,0.033403
1679041800000.0,77.2798,77.2798,77.21535,77.21535,0.0
1679041740000.0,77.2798,77.2798,77.2798,77.2798,0.002583
1679041680000.0,77.2047,77.2798,77.1296,77.2798,0.017223
1679041620000.0,77.1296,77.2047,77.1296,77.2047,0.0
1679041560000.0,77.147175,77.3765,77.0413,77.1296,0.056847
1679041500000.0,77.0413,77.08545000000001,77.0413,77.08545000000001,0.0
1679041440000.0,77.0413,77.0413,77.0413,77.0413,0.0
1679041380000.0,77.0413,77.0413,77.0413,77.0413,0.0
1679041320000.0,77.0413,77.0413,77.0413,77.0413,0.0
1679041260000.0,77.22290000000001,77.4045,77.0413,77.0413,0.00327
1679041200000.0,77.4045,77.4045,77.22290000000001,77.22290000000001,0.0
1679041140000.0,77.4045,77.4045,77.4045,77.4045,0.0
1679041080000.0,77.4045,77.4045,77.4045,77.4045,0.0
1679041020000.0,77.4045,77.4045,77.4045,77.4045,0.0
1679040960000.0,77.3137,77.4045,77.2229,77.4045,0.258383
1679040900000.0,77.2229,77.3137,77.2229,77.3137,0.0
1679040840000.0,77.219725,77.3372,77.1594,77.2229,0.431263
1679040780000.0,77.1594,77.19115,77.1594,77.19115,0.0
1679040720000.0,77.1594,77.1594,77.1594,77.1594,0.0
1679040660000.0,77.1594,77.1594,77.1594,77.1594,0.0
1679040600000.0,77.1594,77.1594,77.1594,77.1594,0.0
1679040540000.0,77.1594,77.1594,77.1594,77.1594,0.0
1679040480000.0,77.1594,77.1594,77.1594,77.1594,0.0
1679040420000.0,77.1594,77.1594,77.1594,77.1594,0.0
1679040360000.0,77.1594,77.1594,77.1594,77.1594,0.0
1679040300000.0,77.101,77.1594,77.0426,77.1594,0.002851
1679040240000.0,77.0426,77.101,77.0426,77.101,0.0
1679040180000.0,77.0426,77.0426,77.0426,77.0426,0.0
1679040120000.0,77.1925,77.3424,77.0426,77.0426,0.001244
1679040060000.0,77.3424,77.3424,77.1925,77.1925,0.0
1679040000000.0,77.3424,77.3424,77.3424,77.3424,0.0
1679039940000.0,77.3424,77.3424,77.3424,77.3424,0.0
1679039880000.0,77.3424,77.3424,77.3424,77.3424,0.0
1679039820000.0,77.3424,77.3424,77.3424,77.3424,0.0
1679039760000.0,77.3424,77.3424,77.3424,77.3424,0.0
1679039700000.0,77.3424,77.3424,77.3424,77.3424,0.0
1679039640000.0,77.28309999999999,77.3424,77.2238,77.3424,0.00553
1679039580000.0,77.24895000000001,77.28309999999999,77.2238,77.28309999999999,0.00164
1679039520000.0,77.2741,77.2741,77.24895000000001,77.24895000000001,0.0
1679039460000.0,77.2741,77.2741,77.2741,77.2741,0.0
1679039400000.0,77.2762,77.2783,77.2741,77.2741,0.001784
1679039340000.0,77.2783,77.2783,77.2762,77.2762,0.0
1679039280000.0,77.2783,77.2783,77.2783,77.2783,0.0
1679039220000.0,77.2783,77.2783,77.2783,77.2783,0.0
1679039160000.0,77.2783,77.2783,77.2783,77.2783,0.0
1679039100000.0,77.18594999999999,77.2783,77.0936,77.2783,0.001436
1679039040000.0,77.0936,77.18594999999999,77.0936,77.18594999999999,0.0
1679038980000.0,77.0936,77.0936,77.0936,77.0936,0.0
1679038920000.0,77.10855000000001,77.1235,77.0936,77.0936,0.003698
1679038860000.0,77.1941,77.2647,77.10855000000001,77.10855000000001,0.001331
1679038800000.0,77.2647,77.2647,77.1941,77.1941,0.0
1679038740000.0,77.2646,77.2647,77.2643,77.2647,0.026869
1679038680000.0,77.2601,77.2647,77.2555,77.2647,0.001031
1679038620000.0,77.14435,77.2601,77.0332,77.2601,0.001438
1679038560000.0,77.0332,77.14435,77.0332,77.14435,0.0
1679038500000.0,77.0332,77.0332,77.0332,77.0332,0.0
1679038440000.0,77.0332,77.0332,77.0332,77.0332,0.0
1679038380000.0,77.0327,77.0334,77.0308,77.0332,0.044789
1679038320000.0,77.0334,77.0334,77.0333,77.0333,0.0
1679038260000.0,77.07085000000001,77.1083,77.0334,77.0334,0.011183
1679038200000.0,77.07085000000001,77.1083,77.0334,77.07085000000001,0.002325
1679038140000.0,77.108,77.1826,77.0334,77.07085000000001,0.001088
1679038080000.0,77.14529999999999,77.1826,77.0334,77.108,0.01614
1679038020000.0,77.1826,77.1826,77.1826,77.1826,0.0
1679037960000.0,77.13515,77.1826,77.0877,77.1826,0.020076
1679037900000.0,77.08765,77.13515,77.0876,77.13515,0.005528
1679037840000.0,77.0876,77.08765,77.0876,77.08765,0.0
1679037780000.0,77.0876,77.0876,77.0876,77.0876,0.0
1679037720000.0,77.0876,77.0876,77.0876,77.0876,0.0
1679037660000.0,77.0876,77.0876,77.0876,77.0876,0.0
1679037600000.0,77.2301,77.3726,77.0876,77.0876,0.010135
1679037540000.0,77.3726,77.3726,77.2301,77.2301,0.0
1679037480000.0,77.3726,77.3726,77.3726,77.3726,0.0
1679037420000.0,77.3726,77.3726,77.3726,77.3726,0.0
1679037360000.0,77.41045,77.4483,77.3726,77.3726,0.001421
1679037300000.0,77.4483,77.4483,77.41045,77.41045,0.0
1679037240000.0,77.4724,77.4965,77.4483,77.4483,0.001452
1679037180000.0,77.42265,77.4965,77.3488,77.4724,0.001483
1679037120000.0,77.3488,77.42265,77.3488,77.42265,0.0
1679037060000.0,77.3597,77.3706,77.3488,77.3488,0.001328
1679037000000.0,77.4201,77.5062,77.2974,77.3597,0.03417
1679036940000.0,77.5062,77.5062,77.4384,77.4384,0.0
1679036880000.0,77.5062,77.5062,77.5062,77.5062,0.0
1679036820000.0,77.5062,77.5062,77.5062,77.5062,0.0
1679036760000.0,77.5062,77.5062,77.5062,77.5062,0.0
1679036700000.0,77.5062,77.5062,77.5062,77.5062,0.0
1679036640000.0,77.5062,77.5062,77.5062,77.5062,0.0
1679036580000.0,77.5062,77.5062,77.5062,77.5062,0.0
1679036520000.0,77.5062,77.5062,77.5062,77.5062,0.0
1679036460000.0,77.5062,77.5062,77.5062,77.5062,0.0
1679036400000.0,77.5062,77.5062,77.5062,77.5062,0.0
1679036340000.0,77.5062,77.5062,77.5062,77.5062,0.0
1679036280000.0,77.5062,77.5062,77.5062,77.5062,0.0
1679036220000.0,77.5062,77.5062,77.5062,77.5062,0.0
1679036160000.0,77.5399,77.5736,77.5062,77.5062,0.391849
1679036100000.0,77.5317,77.5736,77.4898,77.5399,1.253942
1679036040000.0,77.45564999999999,77.5317,77.4215,77.5317,0.002922
1679035980000.0,77.4071,77.45564999999999,77.3927,77.45564999999999,0.001093
1679035920000.0,77.3927,77.4071,77.3927,77.4071,0.0
1679035860000.0,77.3467,77.3927,77.3007,77.3927,0.411249
1679035800000.0,77.31735,77.3467,77.3007,77.3467,0.001555
1679035740000.0,77.334,77.334,77.31735,77.31735,0.0
1679035680000.0,77.334,77.334,77.334,77.334,0.0
1679035620000.0,77.334,77.334,77.334,77.334,0.0
1679035560000.0,77.334,77.334,77.334,77.334,0.0
1679035500000.0,77.2995,77.334,77.265,77.334,0.052846
1679035440000.0,77.265,77.2995,77.265,77.2995,0.582201
1679035380000.0,77.2251,77.265,77.1852,77.265,0.053721
1679035320000.0,77.1852,77.2251,77.1852,77.2251,0.0
1679035260000.0,77.10895,77.1852,77.0327,77.1852,0.202072
1679035200000.0,77.00550000000001,77.10895,76.9783,77.10895,0.009675
1679035140000.0,76.9783,77.00550000000001,76.9783,77.00550000000001,0.0
1679035080000.0,76.9783,76.9783,76.9783,76.9783,0.0
1679035020000.0,76.9783,76.9783,76.9783,76.9783,0.0
1679034960000.0,76.9783,76.9783,76.9783,76.9783,0.0
1679034900000.0,76.9783,76.9783,76.9783,76.9783,0.0
1679034840000.0,76.8794,76.9783,76.7805,76.9783,0.205538
1679034780000.0,76.6726,76.8794,76.5647,76.8794,0.001
1679034720000.0,76.59675,76.6726,76.5647,76.6726,0.005001
1679034660000.0,76.604075,76.6268,76.5401,76.59575000000001,0.016465
1679034600000.0,76.6226,76.6247,76.6226,76.6247,0.0
1679034540000.0,76.6226,76.6226,76.6226,76.6226,0.008816
1679034480000.0,76.67065,76.7187,76.6226,76.6226,0.006135
1679034420000.0,76.7187,76.7187,76.67065,76.67065,0.0
1679034360000.0,76.7915,76.8643,76.7187,76.7187,0.006509
1679034300000.0,76.82535,76.8933,76.7719,76.7915,0.009045
1679034240000.0,76.7719,76.8181,76.7719,76.8181,0.0
1679034180000.0,76.6057,76.7719,76.4395,76.7719,0.206082
1679034120000.0,76.4395,76.6057,76.4395,76.6057,0.0
1679034060000.0,76.4395,76.4395,76.4395,76.4395,0.0
1679034000000.0,76.4395,76.4395,76.4395,76.4395,0.0
1679033940000.0,76.4395,76.4395,76.4395,76.4395,0.0
1679033880000.0,76.4395,76.4395,76.4395,76.4395,0.0
1679033820000.0,76.4395,76.4395,76.4395,76.4395,0.0
1679033760000.0,76.4395,76.4395,76.4395,76.4395,0.0
1679033700000.0,76.4395,76.4395,76.4395,76.4395,0.0
1679033640000.0,76.4395,76.4395,76.4395,76.4395,0.0
1679033580000.0,76.4395,76.4395,76.4395,76.4395,0.0
1679033520000.0,76.4395,76.4395,76.4395,76.4395,0.0
1679033460000.0,76.4395,76.4395,76.4395,76.4395,0.0
1679033400000.0,76.4395,76.4395,76.4395,76.4395,0.0
1679033340000.0,76.4395,76.4395,76.4395,76.4395,0.0
1679033280000.0,76.54135,76.6432,76.4395,76.4395,0.003535
1679033220000.0,76.6432,76.6432,76.54135,76.54135,0.0
1679033160000.0,76.43515,76.6432,76.2271,76.6432,0.002117
1679033100000.0,76.2271,76.43515,76.2271,76.43515,0.0
1679033040000.0,76.2271,76.2271,76.2271,76.2271,0.0
1679032980000.0,76.2271,76.2271,76.2271,76.2271,0.0
1679032920000.0,76.2271,76.2271,76.2271,76.2271,0.0
1679032860000.0,76.2271,76.2271,76.2271,76.2271,0.0
1679032800000.0,76.2271,76.2271,76.2271,76.2271,0.0
1679032740000.0,76.2271,76.2271,76.2271,76.2271,0.0
1679032680000.0,76.2271,76.2271,76.2271,76.2271,0.0
1679032620000.0,76.2271,76.2271,76.2271,76.2271,0.0
1679032560000.0,76.2271,76.2271,76.2271,76.2271,0.0
1679032500000.0,76.2271,76.2271,76.2271,76.2271,0.0
1679032440000.0,76.2271,76.2271,76.2271,76.2271,0.0
1679032380000.0,76.21754999999999,76.2271,76.208,76.2271,0.003886
1679032320000.0,76.208,76.21754999999999,76.208,76.21754999999999,0.0
1679032260000.0,76.208,76.208,76.208,76.208,0.0
1679032200000.0,76.2501,76.2922,76.208,76.208,0.008111
1679032140000.0,76.33035,76.3685,76.2501,76.2501,0.281394
1679032080000.0,76.3685,76.3685,76.33035,76.33035,0.0
1679032020000.0,76.3685,76.3685,76.3685,76.3685,0.0
1679031960000.0,76.3685,76.3685,76.3685,76.3685,0.0
1679031900000.0,76.3685,76.3685,76.3685,76.3685,0.0
1679031840000.0,76.3685,76.3685,76.3685,76.3685,0.0
1679031780000.0,76.3685,76.3685,76.3685,76.3685,0.0
1679031720000.0,76.339025,76.403,76.2923,76.3685,0.004651
1679031660000.0,76.2923,76.3304,76.2923,76.3304,0.0
1679031600000.0,76.2923,76.2923,76.2923,76.2923,0.0
1679031540000.0,76.2923,76.2923,76.2923,76.2923,0.0
1679031480000.0,76.2923,76.2923,76.2923,76.2923,0.0
1679031420000.0,76.2923,76.2923,76.2923,76.2923,0.0
1679031360000.0,76.2923,76.2923,76.2923,76.2923,0.0
1679031300000.0,76.2923,76.2923,76.2923,76.2923,0.0
1679031240000.0,76.29595,76.2996,76.2923,76.2923,0.200338
1679031180000.0,76.35849999999999,76.4174,76.29595,76.29595,0.20816
1679031120000.0,76.41885,76.422,76.35849999999999,76.35849999999999,0.013991
1679031060000.0,76.41745,76.422,76.4129,76.4197,0.009494
1679031000000.0,76.4129,76.41745,76.4129,76.41745,0.0
1679030940000.0,76.4129,76.4129,76.4129,76.4129,0.001093
1679030880000.0,76.4129,76.4129,76.4129,76.4129,0.00606
1679030820000.0,76.4129,76.4129,76.4129,76.4129,0.0
1679030760000.0,76.50479999999999,76.5967,76.4129,76.4129,0.0864
1679030700000.0,76.624925,76.6738,76.50479999999999,76.50479999999999,0.006279
1679030640000.0,76.6738,76.6738,76.63525,76.63525,0.0
1679030580000.0,76.6738,76.6738,76.6738,76.6738,0.0
1679030520000.0,76.6738,76.6738,76.6738,76.6738,0.0
1679030460000.0,76.6738,76.6738,76.6738,76.6738,0.0
1679030400000.0,76.6738,76.6738,76.6738,76.6738,0.0
1679030340000.0,76.6738,76.6738,76.6738,76.6738,0.0
1679030280000.0,76.6738,76.6738,76.6738,76.6738,0.0
1679030220000.0,76.6738,76.6738,76.6738,76.6738,0.0
1679030160000.0,76.69217499999999,76.7326,76.6738,76.6738,0.010236
1679030100000.0,76.6885,76.6885,76.68115,76.68115,0.0
1679030040000.0,76.69470000000001,76.7009,76.6885,76.6885,0.002384
1679029980000.0,76.7009,76.7009,76.69470000000001,76.69470000000001,0.0
